# The number of letters
26
# The number of states 
45
# The initial transitions 
0.0019189327763422508
1.1199806745495216e-07
0.14108602637666878
1.2665157353642188e-94
0.0
7.828376956967349e-120
0.003909503609010192
0.047025710020318814
0.05990473441558339
2.4596094176261427e-129
0.0
1.7842315418640863e-64
0.06136094153355304
0.029714252202179523
7.628450848077757e-111
0.031185701948770312
8.95800964347344e-93
0.026576329181691612
2.7157345673752685e-90
1.1331619441465586e-67
1.0468082785421899e-119
0.015556026845638818
6.712036843120201e-35
0.09489166331671806
0.014173422866328972
0.0
0.12201340020361501
7.984629684563063e-24
0.0011094532342305966
0.0
0.0
2.363843128750761e-208
1.6707768173293672e-134
0.13015050356944524
0.1897163669969981
1.3290197427440496e-154
0.0006837162972638896
2.0790389635743603e-223
5.763687012910398e-26
0.01843674377978908
7.363525957208167e-237
2.1514563477130144e-77
0.002021690448751319
3.6172139166042456e-278
0.0085647683790355
# The internal transitions
0.0 9.017394341809262e-18 2.5871088413761536e-73 0.1458310956591145 0.0 0.0 0.0 5.92690260678665e-205 1.370619938759086e-206 6.567501971250839e-41 2.718123165014621e-58 0.10783788337366154 1.889753454112091e-277 2.388328677452729e-40 0.0 1.8091413235371092e-79 0.0 5.534186515492311e-259 9.408368146605922e-31 2.772678384906419e-101 9.64105849697211e-158 0.0 7.540226544796817e-70 1.0018475840967233e-12 1.2471923542693395e-51 1.585994467822809e-98 6.776212991413888e-79 0.03663340820842694 9.13568897347924e-102 0.6592144561490222 3.5683610028596647e-101 1.2837394297481098e-99 3.187210610297867e-79 1.1237958511127616e-154 5.659649231444606e-25 3.9141499175383396e-70 5.880099484200816e-44 0.020951165596899336 0.029531991011873683 3.2576597762644864e-57 0.0 2.786679852484033e-134 2.426075252364564e-134 3.661473667331017e-62 7.038893810459793e-167 
9.783128554494372e-52 2.810210731494411e-119 9.287801128866112e-221 2.9003434940910393e-300 0.5815425777642638 2.132487777382584e-87 1.4967161112794234e-35 2.998300279541104e-55 1.9484098274521596e-112 6.833683040592451e-205 0.0 8.170105044390767e-151 1.697141099758436e-129 4.447847640708671e-227 2.3189516502954915e-55 1.0891203607059176e-54 4.298282568239174e-33 2.3617387522095685e-24 0.0 3.437001698166433e-113 1.618736869316415e-27 1.179076857045274e-62 4.971388744496326e-80 8.08789045030727e-48 9.828417564018994e-99 0.0 0.0 7.838914719688491e-192 2.3989503969718294e-250 0.0 0.0 4.2619415627421715e-131 0.0 0.0 1.2431759937732866e-192 4.948213211997855e-47 6.399919638790747e-19 0.0 5.918394604669711e-179 0.03553753844740747 0.04270077499239814 2.4097709800334545e-139 0.3129268451821373 0.0 0.027292263613793288 
2.599696563456125e-149 0.0 0.0 0.0 4.472258085270528e-115 0.004799342179644524 2.4549804873375587e-70 7.005695174534977e-43 1.2882423131793962e-307 1.774038325751131e-113 0.0 0.0385174218901615 5.6230319133109744e-80 0.6232715304228765 0.011756935545953997 1.330612713027051e-258 0.01454816939648144 9.363764828975448e-18 0.0 9.306633855312723e-17 0.0 0.09684310961632978 1.8470330118623817e-76 0.0 0.0 6.440253574607454e-234 5.876045799863783e-69 1.551908378297486e-73 0.05763139250240663 0.0 0.0 6.747687217877204e-138 0.0 4.141107438055404e-86 1.0703921868860309e-118 0.0 1.1364026357803624e-09 2.2659782935269457e-265 3.681189061189432e-40 0.030178068761584582 1.2743402165394799e-35 0.037258406339912634 1.3815656856594506e-120 3.4759874682067193e-208 0.08519562220824556 
0.06221354373877406 2.4871765827865763e-291 1.142032699566468e-274 0.0 6.844126785437672e-47 7.442506671566684e-39 1.1144553399559839e-232 1.2206286790190065e-74 8.249197128637788e-258 0.01964102926045545 0.0 0.005128325371964586 2.009718701257217e-74 6.940433768275822e-255 0.13011901454980634 0.0 0.043129416461548366 0.05150083907659238 6.455257346379316e-86 6.408269567749805e-134 0.0 3.3448834770870187e-100 2.064410035753961e-118 0.17733741805639933 2.2761583521583435e-95 0.0 0.00563363343383062 5.992059072228683e-223 0.005842694393163568 7.169589857041666e-104 0.0 4.1896872286071065e-106 0.02279154364100942 0.007411248588185153 8.731639480752431e-132 0.00013995333506686556 0.3282650201386192 0.0 1.2267630504860523e-181 1.5673994166179088e-137 0.08285678733074049 1.8176402420953493e-75 0.0043091807048394 9.078350708435108e-205 0.05368035191900467 
0.0 6.883933673663167e-138 1.0332085890432533e-111 4.0356680019779836e-203 0.0 0.0 0.0 1.166594744067618e-225 2.216389113018153e-208 7.226591099589212e-266 6.56464365283816e-219 0.0 0.0 1.74e-321 0.0 1.4361078762424557e-225 0.0 0.0 0.06017423148056394 6.768905833487091e-244 4.793733496076214e-203 0.0 1.2806719932315877e-204 0.03299216491636172 0.12439333640907148 1.2091958379514761e-174 9.959754854613177e-265 1.0942701719270727e-150 0.6707650315788185 0.022818616614152742 0.0 6.331739058175978e-119 8.631209772778726e-163 1.1397218323023183e-238 1.3781559139516809e-126 5.8678043323214785e-64 5.762250890588971e-109 0.008846643139517787 6.28592936639917e-261 0.010601928942590806 0.0 0.006054096716777195 0.06335395020214574 0.0 1.1052655725581986e-304 
1.0685007687217126e-07 1.8590797606743657e-63 5.001763993639772e-229 0.0005246751124073501 3.1131955942377e-32 0.006005620893811152 0.0 3.162296663657037e-200 0.1702713728583045 0.11490852563130688 0.022406221335968056 0.019370303999379418 8.423358992846925e-55 3.408322864435663e-206 2.666777258284976e-13 4.075603801305372e-124 2.437407797609333e-116 0.0 1.2398409110107462e-85 1.963747857599903e-141 1.1208053612001056e-84 0.0 7.080307021793584e-90 0.038584171415619616 0.21679290273173396 0.03607658106117032 2.9183015251452694e-124 1.462821369492401e-62 8.22144391068132e-309 2.6676621406508213e-69 0.05906541926650682 1.7613133867268206e-203 0.038620857291595145 0.006152527732926258 0.054511071159933415 0.07766698234170351 0.024013253791655774 0.1134021986321249 1.8052959554450635e-153 8.775284222324907e-280 0.0 8.48181724526701e-247 0.0016272078935093259 2.2045077805509614e-35 1.164472107086989e-231 
0.038875560201617754 2.1585268072273914e-23 3.2235323158086647e-55 0.0 0.008013264208811374 0.025316431101089963 0.0 3.809225636593457e-17 1.0898285473953446e-139 0.0 1.9323240037066576e-60 0.005992192325598842 0.22378708498276612 0.08878871532348434 0.014701206305881004 0.028464395770656327 0.006074173033062135 1.0161584893098457e-125 0.0 5.151041159306785e-58 0.06371709565983862 0.0034724549927689736 9.937626688582964e-49 0.006051567815373419 4.636034747439472e-191 1.4958925637967311e-270 0.0 6.236235257933935e-129 2.7896995166779947e-279 1.415238892584428e-186 0.019009882760408832 8.187563341980493e-204 1.519718347995744e-233 4.9794959643020973e-169 1.5957561152038113e-71 1.2052131194708254e-05 0.19785109408041615 0.0 0.019029997518102686 4.281440628717376e-175 0.008685134623234867 3.823353662738981e-20 0.06437193128348326 0.0 0.17778576588221046 
0.0 7.106100032695862e-42 0.026244518072045645 2.0910712200079666e-14 5.011118048638721e-252 0.0185859381080805 0.0 7.332266176793108e-126 0.033477232853037976 0.004201435672582405 0.028134864471424534 0.07585358807569144 6.202476432445856e-272 0.0 0.0 3.9999874979216493e-240 9.844868930128891e-259 4.262098496269486e-161 1.7843843247863745e-126 0.09577107413080793 5.739100959644013e-186 5.284194344725141e-238 1.2995371423989136e-113 1.2641103394680016e-12 0.15507575955021188 0.36883462625171054 5.076612437021425e-141 3.72806984495501e-180 0.0 0.07201493461619653 0.032978559579639515 1.5724060180289526e-194 5.971151064420846e-179 0.024927012719528 1.1799966679207889e-109 0.04728018408516819 2.7395784386825223e-140 2.972634744427781e-64 8.285694589107442e-158 2.618389044649461e-119 0.016620271812589987 2.486499286467718e-92 6.687378372955515e-163 1.3501475040876458e-88 2.3454442126749903e-101 
8.2021952768839e-117 4.3687348538734387e-234 5.013809157693284e-194 0.0 2.983681770917595e-102 9.631656303935894e-39 0.6559442469689428 3.6814089412154064e-53 1.255704342196571e-56 3.7528106701630914e-113 0.0 2.547171082120207e-144 1.0773315303900474e-125 4.43071967131104e-21 7.76710205847363e-42 4.534771599128781e-193 7.980443390478806e-48 6.410089685678456e-18 7.12864336207986e-254 4.398470116104931e-70 1.1375370203366527e-134 3.749936548403471e-121 9.932313141932764e-64 3.7895118128877675e-150 1.374676113360181e-63 0.0 7.299580608300624e-133 1.486209229122269e-166 1.2122003861756922e-39 0.0 0.0 4.310420782305799e-154 4.6583495995148656e-138 8.31811331339653e-204 1.9032281283261897e-71 2.1877358881301364e-167 0.1535143676451233 2.9651054787312466e-154 0.19054138538593396 4.726707524399904e-53 3.78300918128396e-54 3.4105326566202325e-78 7.438683333040455e-22 6.974016932216655e-185 1.3258898457088146e-57 
0.028117031179913304 0.02542645459397342 4.8473706366738406e-151 4.517817763045098e-26 6.297641247513571e-121 0.0 0.005159257882749463 9.959311865076485e-104 0.018488535793038878 0.0005343653350444115 5.988270869261575e-88 1.3625679934157318e-140 6.430139771393217e-87 2.5042556476419406e-74 0.04766199678573058 6.0425008918785276e-71 0.05201604979913209 2.0268776059207277e-225 0.008049593812606247 9.315739909025988e-55 3.3717389143407435e-23 0.0 1.9709506184782522e-113 0.03316481007492055 0.12172131305045188 2.136260750889213e-93 0.0625464354062822 1.0993616722595857e-182 0.0 0.05507751332959454 2.034782469887848e-36 4.5531630095745874e-91 3.96730643356433e-45 7.892247089758808e-160 5.599639012394556e-164 0.15212765985225415 0.08284694773946535 0.0 1.8565345597844975e-89 0.04267119947559652 0.0 0.041920363936676884 0.22247047195256955 6.312574978562722e-203 6.768290546768724e-259 
9.162196948189735e-25 0.1721644717047985 2.2230245311597427e-70 9.387329381603348e-99 1.3965293360613266e-133 7.196308892289208e-197 3.6398905762486876e-82 2.3649240404195545e-64 2.438253433096269e-65 0.0 2.273716981627075e-309 1.2056599715493431e-185 2.4257111197017306e-65 5.27483391598302e-124 0.05264016162603998 0.1572922254183672 4.187013772709349e-50 5.696190137251836e-103 9.621105450736194e-55 2.2962840420433967e-59 0.5940223699055099 1.058671069263446e-148 1.9526834689963612e-135 1.3592635044952785e-72 4.210561205973591e-186 0.0 2.4170100343079948e-160 1.1451978368683338e-223 1.0286874344181603e-307 1.57724983e-316 0.0 1.6499873475822255e-142 1.5362525836515813e-173 1.6903451627152665e-206 6.00819929693717e-129 1.786873042981424e-135 8.516164527683307e-08 0.0 2.3359001661566544e-167 1.7854865372303235e-118 0.02388066946680759 1.671683167170804e-08 4.997669721568827e-26 0.0 0.0 
1.985536310988034e-05 2.8682318228805035e-137 0.0 2.3409125082240095e-169 0.024587402393714264 3.8195748507067202e-118 0.0 0.016044646516865966 9.741747181330884e-168 0.0 5.1161161822709613e-300 2.4888860263452528e-188 4.683619922177369e-86 6.330478244909206e-207 5.139223689667658e-32 1.0535320401128391e-168 0.40647258195565283 2.010682350720925e-180 0.0 8.751455754101537e-122 2.994667899763025e-183 0.0 0.10986519303998467 0.03579269053333456 8.786816925002028e-303 6.588091762614151e-195 1.118451914718199e-261 0.014035006655131393 0.0 0.0 0.0 6.890151329042077e-132 6.645310171479654e-269 1.1607085348166376e-94 3.5963866049576675e-278 3.138128089419941e-08 0.148324528395248 6.485939984309221e-257 0.0 0.0032127060242030975 6.009791893791951e-84 0.04775112387240091 0.08686441349588916 0.0 0.10702982037318426 
2.460001489064633e-144 9.136420657241716e-10 1.650715674131488e-27 1.062477105477678e-13 3.3074533790162944e-102 0.021970154191811028 0.0 0.009080376637008013 3.361882886830395e-33 1.773858938076304e-53 0.10329886208868548 8.409591696941727e-119 3.755398050545137e-34 4.421927202609385e-261 3.852448399317961e-164 1.9996304598892303e-64 7.334478473759088e-229 0.0 1.334865304444882e-18 9.773263633263774e-234 0.08486818335678842 3.449585995351416e-147 2.0656508259251243e-41 1.3135118737952054e-102 2.9085080357464965e-70 0.16029209854534185 0.016883241744371984 1.5643707296228294e-94 1.8131966200759296e-232 0.275835804196367 0.18957248596729798 3.1282197324133016e-115 2.0481469910076038e-101 9.936728213906679e-51 0.03510797041641147 0.07866799004319903 2.5112650849017665e-82 2.1466363789717417e-38 0.024422831898969554 0.0 0.0 6.563017438629365e-296 5.5874732702694765e-201 2.5492017629381475e-47 3.654267276144329e-258 
0.006014146424507209 2.7116190484535376e-21 1.1112660620527139e-80 0.039124632221001696 8.656321564140246e-244 7.015409378358962e-84 1.9030798314687073e-18 0.0 0.040450953396908844 2.5225136659542803e-65 0.04645746318580898 8.128692831846365e-28 2.6471360969417157e-48 0.000332310276431951 2.052465922369327e-119 2.724078327585644e-111 3.568526887523825e-166 3.9943023560948907e-156 0.028947847602743843 4.234374725361472e-99 6.899903990060638e-51 0.2052112766728171 4.935211923114498e-242 0.001012181071329225 0.17249958770687263 0.1722618956406932 2.2414137505351857e-16 0.12151291841958074 5.532873146906862e-12 2.882556900744059e-11 0.08323025354139017 7.078985411507726e-66 9.663928395016324e-81 2.015514432731899e-05 4.0006711503879464e-22 4.213730736145656e-06 0.0 0.06996378015384823 2.6158351502308698e-67 0.0031130866316684976 1.7939052964509716e-89 2.359639481323603e-226 6.066139486328031e-119 2.890074749111705e-06 0.00984040807022654 
0.0 0.2970792475266643 1.1600331805987741e-14 5.088750217989848e-07 0.0 0.0 0.0 1.8493302796891087e-136 1.1132759152495019e-166 9.376999809834716e-277 6.812712795087112e-30 8.511621801135742e-37 1.0195690760294436e-221 0.02153217457462184 0.0 8.687508563026163e-68 0.0 1.8590023329801672e-157 0.39640864862240366 1.7060009822098799e-37 6.544901865036201e-21 0.0 1.7894011680962678e-25 7.532226313800475e-70 0.019731586692964945 2.148078235934172e-273 0.022557398414829413 1.0144131040116301e-104 2.2793771570843059e-212 1.7657313649205072e-15 1.8828939080949858e-143 8.762226217186269e-114 4.167068511754848e-216 8.525023485504482e-181 5.3323939468465736e-105 5.5375867800777656e-33 0.03978510889783122 2.5324573903253153e-134 9.497183442527687e-179 0.09464299305602933 0.0 0.03551542090764028 0.05707200232932083 0.0 0.015674910102658982 
1.0255875090953752e-159 0.0 0.0 0.0 1.3390172147258948e-177 0.018646051563179805 4.422307990962312e-134 0.11389714898485184 0.0 5.85613954560921e-89 0.0 8.023883486719761e-182 9.00342755857476e-87 0.15556139100571714 1.88120880587763e-11 0.0 3.2932805664426414e-121 4.022872233953929e-09 0.0 3.990871465840711e-70 0.0 1.35553883927814e-285 4.8423315273270544e-08 5.393456350971631e-229 9.559487494654305e-32 0.0 1.0729200702574731e-216 1.3187600216973972e-209 0.010422108243777074 0.0 0.0 0.0 0.0 3.1547631332928235e-264 1.1378949336479153e-119 9.349936927267905e-236 2.1301604689313957e-48 0.0 0.19736845752143756 0.05285285357568992 0.06167184008007888 0.22448510748214043 3.660357038839134e-24 2.9022406609668346e-146 0.16509498907812778 
1.0597033348858599e-161 0.25642584407847835 3.919263567976723e-107 1.0115903608465807e-136 0.0 0.0 0.0 0.06329296524235925 0.045519512491227536 0.0 1.2497995178605072e-89 2.4253009767870216e-157 6.1310232554037515e-124 0.04681396348664621 0.0 9.863017042610732e-103 0.0 2.8459726389044797e-155 0.07302879487775557 3.35603988999977e-84 3.3096831197540395e-48 0.0 6.669769540065325e-35 0.0017112571157870894 3.005642431344493e-35 4.338850033773058e-149 2.242225454456547e-34 2.1974311702586126e-202 4.95644027323514e-57 0.11717950058731476 1.7670645955654892e-245 3.2336794485832283e-177 0.012350440066074678 3.646142954068369e-200 1.7450324823672543e-203 0.22393393464904712 0.1142669867386263 8.854527666189798e-228 0.0 7.50273536678062e-171 0.0 2.5220579231230294e-108 0.045476800666683234 0.0 2.760068003356162e-134 
0.12245474076381145 8.038282399986986e-70 0.005126627226845163 3.9439469945506534e-32 1.4522497703277262e-109 0.03185975944385963 0.0 3.7543625411400446e-227 0.02771171394764139 4.773024513264406e-30 0.13127639948626382 2.011424068678048e-62 6.926892669239032e-81 0.0 6.684436020546944e-137 1.740220237114513e-116 2.3404740820410487e-25 0.0 5.2248145489175985e-43 0.0 0.037797512274960365 0.028227889527103634 2.6691200345607996e-186 3.6571694698980233e-38 0.07231959839291609 4.1372550160439696e-41 1.5279731458409783e-15 4.904357829766136e-22 0.0 0.052812931813028936 0.015032602256743292 0.330490888497238 0.0642920000013067 0.05411024813676115 4.346771031948569e-06 0.001893307390032598 0.0 2.375402479544558e-20 4.1175691033249645e-19 0.0 1.489365341149406e-268 0.0 0.0 0.024589434070454448 0.0 
1.1998461561609102e-142 0.04502140503708672 2.685322466458597e-131 0.0 1.8943797641661522e-129 4.094195386336279e-159 1.7209726959150344e-107 0.018035155058206995 1.077025703745545e-298 0.0 0.0 0.015507308472230258 6.788433063277804e-67 2.5809825515880757e-16 0.07519901928053942 1.4091124300656074e-129 0.03756486298407834 6.797421914807268e-57 4.171523372129294e-202 8.548711763264312e-37 1.3299777205018446e-110 4.5582826581770276e-82 2.8679222568170277e-84 1.3886965672948404e-40 1.6780622227662097e-273 0.0 1.5780965390638782e-217 0.0 7.70644182462304e-109 0.0 0.0 5.245785537670051e-91 7.763212312429162e-250 0.0 2.29936768336271e-80 4.013456050752891e-43 0.09173236023994494 4.9269899295024463e-135 8.882447158717337e-62 0.07246050532550434 0.13151821560769333 0.1212461689102184 0.39171499908449686 0.0 1.1763443408453127e-30 
0.0 1.767164597108801e-05 4.670178966815155e-229 0.22828028629035016 0.0 0.0 0.0 7.135474563829725e-256 0.06156764819625084 0.02155161943269901 1.4017726056672652e-29 0.04082770814987014 0.0 0.0 0.0 4.1663953684882425e-68 0.0 0.0 2.0645442608948985e-62 0.0 0.13592525229153984 0.0 0.0 0.1316416642784707 0.05122566092481134 9.3208484633621e-114 3.4591983406055314e-148 0.011618193527769783 0.0 0.052852406660635516 2.8364828890139366e-34 0.008540281238100576 4.631609491755667e-05 1.2843092762247166e-138 3.6443558269254095e-122 0.07312491959825336 0.0 0.03829589200112907 1.4700410900380007e-100 0.0 0.0 0.0 0.0 0.14448447966923111 0.0 
0.13750017731829248 3.9583426217299596e-258 5.227405551527431e-238 1.2276849227498284e-205 3.413320004465075e-49 5.790287669720973e-86 5.936656615535817e-65 9.713939050172322e-23 0.0036890282902559187 9.362347203455523e-12 0.0 0.04787656074870518 1.3870880429177622e-105 2.016009318812244e-100 0.03537963465525263 3.899113777961168e-99 8.196742123082722e-54 0.05637748262460146 0.0 1.1154717170370828e-74 1.196929300458021e-175 3.898143252334806e-20 6.887323874259932e-104 0.27037039846581773 0.015128254362162344 0.0 7.898999968329095e-177 2.462321737483299e-25 4.8151865158599284e-222 0.0 0.0 1.0598680731524735e-151 0.0 1.1945011825445457e-147 3.9796942484250827e-122 0.06317594862288639 0.3216605137527284 0.0 2.2094990769655913e-39 1.4080920217487413e-65 0.04881024988786389 2.3787464682392585e-71 3.175126207118951e-05 1.808935412106973e-146 5.345340133103474e-26 
7.169041401317523e-200 3.973549886731037e-96 3.196801745815702e-245 3.5343856795219594e-129 4.687962309461575e-235 1.6316338592210047e-128 0.0 1.4995355189737883e-196 0.1288241813435356 1.6568030395259024e-21 2.497118988618984e-79 0.0027326206742861662 1.58390906798216e-226 0.0 1.1177853868107718e-128 0.028288940539403843 2.0113409742333674e-123 0.0 0.0 2.848580616550147e-267 0.07728421240582684 0.0 8.476850989081942e-193 0.14310368471659826 1.1717184055295396e-129 0.09390754249128216 1.2868615156561248e-120 0.020072795078976573 0.0 6.539225323768279e-08 0.26677734859323304 1.6603044725877616e-72 0.012724723597031777 3.899828507817235e-92 1.2052026993124223e-140 0.04771605185326999 9.119119086669003e-238 0.08469875588510323 1.540471630272808e-122 1.891470240166039e-296 0.0 0.0 5.077053814531703e-230 0.09386907742919927 4.5904972392987516e-290 
0.0037685548191654372 1.3451719346026637e-20 0.05557202604157406 2.4120078207532384e-17 3.8260248118937136e-136 2.2863877102398166e-259 0.0032656454325671706 0.008290130116468593 0.02059305456851929 4.9479847406161717e-135 0.013284095169220404 0.057755508158119466 1.9985235901818222e-62 0.002630930881871017 0.0 0.009470658076116445 3.220187039365417e-107 6.848043633005996e-25 0.09434803519623529 0.3181565806505253 0.035385851156431045 0.0 6.50601849045998e-63 0.0729870742954358 0.1377212129490295 3.4496859352710627e-75 0.017146389344688977 3.234237389346063e-22 3.4991409205487737e-230 0.012201181762256867 1.6936578493443232e-64 0.012573444048636301 0.024907696419936426 0.06595953865348526 1.6116584084255547e-27 0.009443590467686334 2.3888382233811067e-43 0.02153777089351459 3.5588120079798856e-154 0.0029826555225833363 0.0 7.712769434272986e-40 1.837537593299985e-05 3.1781144344597046e-94 2.178678051352623e-81 
0.0718710496106841 2.68642598956069e-159 1.4129105444705731e-136 0.0 0.032782499718790666 1.6074629141569704e-29 0.07008570701725685 6.38563346662348e-43 0.019997789127465575 0.0 0.0 0.0060489337091354746 0.024319099660966313 0.022212907645878088 0.014010843633183815 0.2600534187925909 0.014931313188318506 0.03260259142110142 3.161583801943192e-251 2.2104572599743045e-27 1.0776273813325432e-126 0.034942522835488654 0.09443736249624858 1.1675690349977974e-193 3.5897508113725048e-298 0.0 0.00537707317534632 0.05005041608297146 1.2594685996171106e-57 0.0 0.0 6.302442977744758e-262 0.0 0.01927720940359574 5.778689027313201e-218 5.1359898172968335e-239 0.1403540721471898 2.2353569210438423e-274 3.504976834894714e-248 2.3212740550836166e-223 0.07011250232254877 2.725483870009471e-15 0.010151127299564869 0.0 0.006381560711671307 
0.08207408078829513 6.866247039079858e-274 6.294640962874796e-252 3.5859757167922584e-255 7.841515617151356e-99 3.146933504999758e-110 0.0 0.017776296756098507 4.5135999568306484e-293 1.2805984600212059e-213 0.0 2.527405594763941e-251 1.7272205767734267e-81 2.38807513998773e-49 0.10952271356804422 3.894343204516125e-279 0.03907105104167544 6.0649904202517235e-27 0.0 3.8542424838185743e-88 4.235913781246008e-299 4.810520797186054e-229 2.6291736845687716e-63 2.626817797859439e-20 1.5791298119693761e-159 0.0 2.2358311446999635e-251 2.1069403001457555e-182 3.8493504620836666e-163 0.0 0.0 8.352681558642563e-135 2.146685415617256e-177 0.0 3.348780626679993e-228 1.5074043570224912e-34 0.46832397010556814 0.0 1.6570238115325977e-219 0.023124479234878755 1.3928241172371653e-155 0.1271735610746885 0.1329338474307514 6.014410607582259e-308 1.723295395249774e-94 
2.938411458786971e-131 1.324957089607444e-43 5.741895969210099e-162 3.23912906876e-313 1.5611031200811329e-260 2.0107180563036925e-149 2.2279849695487435e-175 1.0578852441056822e-81 0.06679886235740258 2.7847711558160984e-242 2.3369752265777635e-280 1.1574146762454333e-220 0.04814425885706902 2.566899955624646e-69 2.382191245935005e-86 9.250764159601538e-107 2.383662943091705e-49 5.318049843875268e-11 1.1489754073241642e-127 0.0009988044316280188 1.361357336362482e-73 1.8805302518402948e-181 0.025642689646907146 0.0072931931018335675 2.897200090069533e-115 3.477191926222051e-270 5.225883478506692e-71 0.8432599590830092 0.007862188583027015 0.0 0.0 9.37878172813548e-135 4.353244098061206e-282 4.388043768929425e-08 7.095082472097216e-218 5.505190381685456e-12 1.565838016076349e-36 0.0 1.6332468265414375e-79 3.4507742236357535e-112 2.2786584732108154e-185 3.6499887799614255e-53 1.8038951562032361e-22 0.0 1.4379068156974123e-150 
1.4982278945554575e-11 0.0 0.0 0.0 3.6507852334329905e-158 0.259022918754731 1.1602050029446448e-159 0.014274905843780047 0.0 2.291309470829615e-89 0.0 1.3647619562837778e-88 0.033585581034860014 2.3797806917704255e-11 7.109994900327341e-112 0.0 5.604835576679497e-85 0.2774520992215959 0.0 3.594722840386361e-07 0.0 0.0421340769728587 1.714183400405489e-10 2.7447580484758497e-156 0.0 0.0 4.1068432706122264e-120 1.067174424110355e-218 0.004764899688310861 0.0 0.0 9.28270810233252e-228 0.0 5.478173869983403e-257 1.2933819094663144e-152 3.8552105042596236e-172 0.0020759358443137774 3.57847996847878e-289 1.702338233775608e-36 2.7657010248247706e-10 1.1196706284470159e-98 2.604025981605077e-13 0.024637649344831453 8.129430451185555e-138 0.34205157333540526 
7.884953172889877e-12 0.016707440238158507 0.0 0.0 6.444791993120526e-144 2.6823680267252456e-71 1.6128999035074134e-194 1.7563104123260476e-85 2.506986612464217e-137 5.475077995389268e-280 0.0 0.10724331943029099 0.038267535540802464 2.474750459733626e-89 0.08477787629351125 5.5346456790100546e-101 0.018928688884365618 0.027213424979585236 0.0 9.388829254091994e-130 1.3916694122387207e-99 0.06182291274704861 0.05694897691736749 8.054604405688514e-175 6.5415852439538135e-264 0.0 1.2842760018856133e-178 8.122798647075666e-210 0.028795996275099746 0.0 0.0 2.5275232789931997e-174 0.0 7.876026293822025e-238 2.3165359839788727e-131 6.531759168301272e-177 0.37018343718642127 0.0 0.05503572739136827 1.7152027582979155e-79 2.3688057391919346e-144 0.03841107510380223 6.490593531729881e-25 0.0 0.09566358900429335 
7.847761568325472e-170 9.589873827724365e-179 4.3237579633326566e-271 7.956257653449727e-221 0.0 0.0 1.632639880081333e-257 0.0 3.2626774279336743e-223 5.2091719427860416e-185 1.1120836619846555e-87 7.666317134270166e-268 4.9354459417688587e-194 1.73873785172954e-202 0.0 5.5920218663474596e-269 0.0 0.0 1.1941194476915233e-266 4.183100531499826e-274 6.01429062036496e-272 2.6128888731946136e-166 0.0 3.8157749432153724e-221 1.533658318775282e-131 7.249129173735456e-167 9.373883249993909e-200 1.0846644641102901e-251 1.7681289579528464e-200 1.0 1.0497248270923387e-35 0.0 2.727195644791752e-271 5.760401591927192e-303 2.260572625331272e-169 5.999340250974395e-189 0.0 7.520730286161104e-203 8.279811584543215e-210 8.808204429351888e-126 2.0672082457924026e-227 1.6705367486752809e-158 1.2801920056514308e-252 6.3628539398649595e-146 1.1145547400308376e-195 
0.011224526078873249 1.0739867285084605e-165 0.005056733656601273 2.2726049103753302e-49 8.768494864785868e-63 1.805905127611109e-59 0.0 3.088495409095011e-76 2.0740881301719907e-08 0.0 1.4919877728228528e-273 0.011201654122999222 3.810589640262216e-93 0.013174999976370541 3.0866548630648215e-122 0.021344583141659823 3.1772276119453735e-50 3.7814130348372627e-286 1.6077518284414663e-115 4.794494989889349e-154 1.8774804676374523e-27 0.0 1.353941259229485e-82 0.2054974619108354 0.017383129408210067 0.0 0.01100369078522872 4.3149166627424246e-12 0.0 1.4891327395220011e-291 0.0 4.030227323192675e-225 0.4909803940745698 0.008649879234313412 4.082873978306175e-162 3.309099008372337e-49 2.0234586930029564e-28 2.8585988988858353e-298 0.0 0.10355931048501259 7.401747732836127e-93 1.09517967748809e-67 0.1009236163801296 0.0 0.0 
2.425125021604207e-132 2.5274561726715347e-63 4.788213393638484e-34 0.3510545076456321 0.023117742476270294 1.4663509144247572e-89 0.0 2.7100300400277617e-75 0.12759210342390626 3.3327571774405726e-262 1.0154644456768388e-221 9.082472767642068e-40 0.022438672252018396 7.140578993965296e-19 0.043468534369180335 0.01325877363323704 0.057885812221544285 3.958645336911948e-104 0.1915792351886302 0.012912139094625203 0.14265450434057855 1.0869587882774842e-265 1.1260366165279278e-60 7.264675913102012e-23 1.37776664876613e-47 0.0 1.8867570416880523e-85 3.32622260009215e-140 0.0 4.28384653057646e-208 1.748628893180189e-250 5.206185791155288e-73 2.0477718817704167e-40 1.871856411790127e-142 1.1293614298451703e-157 8.385472940964045e-90 3.867732430439437e-12 1.5989625433536892e-262 5.224576905140848e-288 1.7100106369228753e-51 0.014032342257939432 5.631567072283547e-06 1.5254977924499754e-09 0.0 2.063250612376984e-230 
0.16961380927365016 0.3535403634897971 0.10466397676423125 3.253035841316528e-215 0.0 5.599829981621433e-177 1.1079897852662649e-69 6.561693287113672e-59 4.216577461694164e-241 0.0 2.0467932105837213e-302 1.4871938504902948e-233 1.3021712266183375e-164 2.3941321227439727e-232 1.5147708370851086e-78 1.1579192100279078e-39 3.439878348310381e-200 0.0 0.09016874381620825 1.6133660839853402e-159 0.09834089153931737 2.0593648646718324e-282 1.2514565235558955e-69 0.004457803187997803 0.014921066547447287 0.0 4.608763415247751e-228 4.0764692301248844e-143 0.0 0.0 0.0 4.9865174771052905e-290 0.0 1.5407214001614754e-145 1.0300930746873463e-126 1.3457511299971088e-12 0.04194116490421828 0.0 6.595840530482574e-63 0.0 4.486446847542606e-269 1.669344106780582e-176 0.12235218047578685 0.0 4.533264339714225e-221 
0.1398559834552677 4.1179505654834704e-201 3.467254579394274e-215 0.0 0.023843174900516323 3.770535115794875e-82 2.242377686310621e-70 1.2981470656399405e-57 0.009814750337768529 0.011256617832893267 2.8345191733821546e-278 0.019163230190541496 1.5559989277326793e-28 0.044652352300624 4.127519714082211e-98 0.010812856237754066 7.646790026533818e-74 0.038951910621010194 3.526073659272752e-292 6.202294033461158e-124 3.681068557836814e-303 2.7665274659975734e-111 9.397422107387938e-48 0.04956234851197426 2.1339105331047512e-244 0.0 1.481302104754198e-221 6.461796600332999e-178 4.8268056636318834e-141 0.0 0.0 1.2637691275951559e-231 0.02087966149998115 7.01245883955e-313 6.335548526375396e-41 2.036946872796143e-07 0.18220086460055698 3.974856224265371e-199 4.083536218227814e-42 3.4042644668488813e-26 0.0765734126237848 0.011854267705930576 0.36057836548670924 3.270129777794043e-165 7.823535792549982e-94 
8.850400565952597e-155 2.773904226156541e-249 4.4742301277805195e-58 0.0 4.350313549782892e-211 1.5065387184952854e-106 1.703327283353225e-85 1.51002370299436e-135 8.374220845754029e-115 3.7959019987145246e-117 4.0684390293730846e-141 3.0476530137029327e-114 3.4205924471306213e-152 0.031465673056669266 2.910466425443843e-154 9.802909029173689e-168 1.4250187664936027e-81 0.08253635695936122 0.003615783725019866 6.735617392258082e-37 6.241923698769316e-254 4.043177911806768e-24 1.554404371896415e-50 7.181541539187702e-302 0.0 0.0 1.1577505393849098e-121 0.0 3.573934721831175e-132 0.0 0.0 1.0269247134659623e-13 0.0 9.27899919775041e-247 1.8529833129159864e-133 0.0 0.06724924604904317 2.3866790626144922e-254 0.4884498435117331 6.9106089654507025e-78 0.12968732874943154 5.948738352458187e-43 2.3326847593415964e-210 4.2275709664595076e-250 0.19699576794863913 
2.89840300664488e-90 0.0 9.715759688757773e-302 0.0 8.31131793677677e-121 0.15023953821972982 2.57e-322 6.492210863266771e-34 0.0 1.1778412196948756e-215 0.0 8.807867574426271e-233 1.4167425860718983e-14 4.418497313558322e-06 1.2505171458487494e-112 2.777e-321 0.00017424202603343028 0.006088351789112312 0.0 0.02784939947502874 0.0 4.382085778596821e-05 0.7352560218450388 0.0 0.0 5.28710118966813e-255 2.9500542393275515e-191 1.17835650173766e-127 5.2513523508132886e-14 0.0 0.0 5.880807083741151e-103 0.0 3.7568233442671465e-127 4.756906619859062e-177 0.0 1.575371648453263e-44 0.0 1.4535122701651106e-93 0.0028274831618585817 7.339828919413255e-29 0.07751672412796089 7.116353318961969e-14 3.174568845582663e-255 5.222450168427119e-21 
4.13711385955382e-42 0.236385722223282 0.047974033922403694 0.017778522264884956 9.005078598697713e-25 1.0629554106692156e-145 0.046068631173605705 4.350262241649223e-73 6.138339944146622e-118 0.0 0.0 1.845494203382121e-181 5.307096460656273e-163 2.6845831558185473e-225 0.06577584491437538 0.07421442975201624 6.594608352727389e-35 0.0 3.375627069289173e-91 3.8364800373604154e-203 0.11962184876472681 0.0 5.968691382772655e-72 0.1841536071923824 4.536907455851323e-204 1.5677140592e-313 3.757133515733606e-70 1.1208707808732623e-98 0.047717585034427266 0.0 0.0 7.7269658561579e-269 0.0 4.973592015603998e-70 0.0160643807840092 1.0409308215027524e-54 0.018109768049910897 2.54870123766356e-275 2.11817514247652e-11 0.011471546917728483 1.8676101896097973e-181 4.8133064879156035e-222 0.11466407898506507 0.0 0.0 
1.1977163278174495e-279 0.011006283615237885 1.6107168981709528e-160 0.08695159283964571 2.9549179962989137e-105 5.074105503345713e-68 5.701949331522675e-201 1.728217699009649e-11 0.02284716795259548 0.4304584020355632 0.2864877931713608 7.29781203743856e-18 1.3931125697649332e-148 3.04627718955403e-31 0.0 5.257340702335827e-155 2.047790499772411e-68 1.2890671186124847e-108 1.5914801889421591e-143 2.988068074323995e-50 0.01674092795104694 0.0 6.1644491366728195e-74 2.5051505753327647e-56 1.1464027086017973e-47 1.3496527667322419e-18 9.000805823635704e-68 0.0036613300152287475 0.0025018233958776777 7.224924570886424e-87 0.047973138453193946 7.996459173314534e-13 4.898627024007291e-125 9.435063570363056e-102 1.6209317168285703e-78 7.726184871451537e-21 0.0036008025903330357 0.06025611937409603 4.946162864895365e-35 1.4016717979567429e-59 0.0 1.6725207336602516e-98 7.790157712094572e-14 0.02330624101588688 0.004208377571773922 
8.9730413515247e-43 1.5824251315242795e-90 1.809389547610703e-191 0.15441784837311365 9.340354413552131e-198 2.436266779384337e-173 0.0 1.7337372361793744e-102 0.014624393860286907 3.15350237166359e-234 1.748802927451134e-290 0.3722192605812437 1.790512309398591e-181 0.045967088640911376 0.035711219040141844 3.0516451678657863e-92 0.028623940512218414 1.294538494069237e-209 6.80352452548655e-294 2.1854439676874002e-47 0.05130777019082772 0.0 2.6769257806515825e-81 0.06682927295623566 0.0305856255801783 1.3401251667408147e-158 0.047353853595071285 1.923112543749771e-86 0.00792113143396005 0.0 0.0 8.081638730584737e-138 3.781284729682372e-64 2.3129960352652187e-146 0.007965552749048494 1.1482379050603937e-15 1.9576741474563286e-81 9.535522441166737e-149 9.042488854411752e-46 5.7299181302502694e-11 0.06806300101570582 0.032605028468554974 0.02262627764507877 0.0 0.01317873530012271 
1.1465402925931349e-25 0.0 0.0 0.0 2.8672489689241736e-93 0.03747328936230655 0.0 4.857992897150851e-49 0.0 0.0 0.0 0.0 0.07099858101402709 0.3261725720177422 0.09451179522598278 0.0 0.02357096167843941 0.0914881973667463 0.0 0.03875623160114377 0.0 3.879634173741358e-22 0.18732532824595294 0.0 0.0 0.0 0.0 0.0 0.009625393376586251 0.0 0.0 0.0057910122124146856 0.0 0.0 0.0 0.0 5.224455162117845e-215 0.0 0.0 2.9671318852683876e-92 0.026546062048120142 0.04029492646041825 0.029969213718791517 0.0 0.017476435671327974 
1.068574565645257e-108 1.9820381347333257e-07 2.1998989243580497e-60 1.5661366562872638e-147 9.188806365047038e-303 7.314127259294987e-120 0.0 0.0 2.638933188115128e-69 2.6827877667213e-49 7.37988289720204e-92 2.6542074517689692e-11 3.433623575640231e-212 0.0 6.415486785677864e-302 1.6299220616094787e-171 8.967676054779332e-187 0.0 2.6691302043177913e-282 0.0 2.0303572161022593e-76 7.530861225242129e-41 0.0 6.892266797630367e-186 7.64873099804774e-60 7.97675116115603e-85 1.0758769794271091e-61 1.289774351227301e-126 0.0 1.5015358755537061e-69 1.7567307748498698e-44 9.780385791847486e-110 0.12470836239516353 8.287847453334436e-66 4.9466171298145e-45 9.116726262040299e-116 0.0 0.8752248100761664 6.32412341262099e-32 0.0 9.059622818372299e-291 0.0 0.0 6.662929831449905e-05 0.0 
2.451468546012734e-308 0.0819289884301122 1.98567373862685e-223 0.06796507924308139 0.0 0.07882904049512957 0.0 6.12592123316969e-84 3.0742133177932728e-183 0.23973441421996552 2.122972366996766e-07 0.014364902392514225 5.229464070740927e-78 0.0 5.239070382719814e-17 2.3730038586823796e-181 8.183652767615917e-52 2.185899132787325e-166 0.03424723227583753 1.1153866416805036e-26 5.63485742776284e-238 0.0 1.1452119453245213e-102 0.05268531598597963 0.03703546437201302 3.9404339809532295e-70 0.023510496286399733 5.461257854232216e-97 0.0 0.0 1.3446379084837744e-135 0.08865673334624097 0.010317704314169623 1.7321262229694877e-242 1.3639494890368039e-82 4.77898041137802e-31 9.611485610818294e-66 0.0728880036795115 0.022632095935537746 0.049903834651322934 0.0 0.012893465908696273 0.0922109056393918 3.6140449943975317e-62 0.020196110526859615 
0.04565036418973785 0.6325728488827335 1.7887878291314934e-143 0.00016857290102239664 0.009766817644075753 3.793529922286657e-08 0.0 5.073643937524378e-51 1.5124652015139184e-67 6.604109694010266e-83 6.69041128729942e-11 3.436856845670743e-57 3.5696969014356087e-97 2.633678295781374e-125 1.0584823232325912e-92 3.238158620448683e-126 0.028329159655203894 0.0 5.491374275957785e-40 1.1496530025783247e-216 2.171374609882527e-15 4.9303737800097e-124 3.9902779396096696e-25 1.100592956508323e-56 3.61380917705242e-09 7.767717647483849e-74 1.0923785375794428e-87 0.0025069709485571728 0.0 0.015478471048396792 0.2654925929072615 2.7774111404432235e-56 8.277134400311427e-18 1.0777955867281166e-38 5.487781355275741e-63 1.1682139454812056e-56 1.6071409751543977e-141 3.416020699662397e-05 1.2557501779799012e-135 0.0 1.8955028610174289e-283 0.0 5.4569247607901244e-183 3.768196843334683e-49 1.1644384284643e-311 
0.0 1.2836844580133995e-25 3.547774992408875e-170 0.4354982700350153 0.006209924075764881 0.008685466115158712 7.307033184394013e-140 5.163006662759269e-120 4.709760174448243e-105 8.149525187044787e-23 0.0025027728855005946 0.013983509096695702 0.0 0.004676049901163193 0.0 3.3879284530956606e-147 1.6565673252325695e-71 0.0 1.1876307020234544e-218 6.4850733082951925e-164 7.969770705419619e-63 0.0 2.6877649761560645e-150 7.695214727343803e-31 3.208251976072556e-43 2.7074144885717408e-21 1.4724452795128108e-58 1.1971733309092034e-94 1.504540977943905e-110 3.1836378675152136e-156 0.058067208217779054 4.51600436279594e-21 2.5833998433904486e-91 2.003497222229136e-170 3.8117629436165444e-104 0.46350671144378464 0.006870088229137921 2.0709894207453114e-63 4.270367803884002e-53 0.0 0.0 2.7900544475060543e-178 1.9777847703163731e-125 7.262807229186086e-39 7.677295304139551e-194 
0.019861260387208195 0.03632479290731953 3.941024473325715e-162 0.13196366825682548 1.0068802354265873e-183 8.311144479311497e-79 7.119324157295996e-214 0.006845925110084927 0.051174528101994736 0.03475294386500254 1.0694559911890976e-64 0.03809749265139198 3.370760732796226e-87 2.9295068376648495e-242 2.0619005491134662e-45 1.2120564760688992e-109 0.09125845005727824 0.013823558849294648 0.025259839566919094 5.04355677379212e-07 0.21457376414521806 0.0 4.692375639485649e-18 0.0729966406603498 0.07927548919655568 4.240923375334062e-192 0.006357834007513934 6.508843981151045e-05 0.0 2.9657115384431404e-05 1.062379919153838e-05 5.870104165269113e-60 0.0524339947654518 1.0495786575332102e-94 9.736864038710402e-120 2.080480549188599e-11 0.03880304636984766 0.007254623214447975 4.350713664283693e-108 0.009128433135986887 0.0 0.010266027096583443 0.05944181392385575 5.038992620651946e-116 6.175717254182074e-51 
6.145358648510506e-14 1.6273132173626476e-17 1.025469876964247e-62 2.2284915221484994e-33 1.4065422265592337e-61 3.690105288953229e-57 4.109283159838245e-182 1.3534320556433981e-156 2.4971334701396668e-36 1.2713573729510144e-26 9.785477313612809e-11 0.0005752536971326824 0.01764063575962344 1.843710817439369e-48 0.007436565650821935 2.584054477416198e-71 5.170821687906577e-30 1.4635093882165427e-247 1.5301586971487464e-06 3.971336436034361e-121 0.01414538541818159 1.341388265344456e-06 2.0817290856996617e-103 8.992402862137096e-39 5.434277120487233e-15 5.155611593897096e-113 6.802108166469826e-58 6.58951614049549e-05 7.75653809707372e-269 1.3321740596581815e-30 9.568158489952626e-15 7.839703477608233e-109 1.510363773914412e-103 7.397801185925666e-35 0.022428547393659917 0.14757251187360107 2.0956911674170653e-198 0.05040866729179799 4.152362705126216e-69 8.501102987868229e-46 5.699756404146975e-86 7.807356255169252e-162 1.2891974251255684e-13 0.7397236650406767 1.068077114213442e-09 
# The emissions
4.128998613620752e-105 0.0 0.0 6.254880239341178e-212 1.5229501284292145e-44 0.0 0.0 2.342955920921327e-202 1.0 0.0 8.603042085232208e-250 2.891e-319 0.0 1.9454577240600706e-224 2.0981006861439632e-153 0.0 8.817969856381226e-103 0.0 1.5319492408137727e-68 6.9730004e-317 1.0161568709782084e-126 0.0 9.406414953641236e-240 0.0 1.1524715601307528e-66 0.0 
6.115140726710588e-298 4.1795495388106756e-166 2.261598169330503e-100 0.005485814049266962 3.0157377609519517e-74 1.3689979858574394e-136 4.843365225244941e-107 3.487732055440715e-214 0.0 6.728544443623405e-256 0.050013662659756424 3.890045454847214e-89 5.859019533250426e-97 3.1393474635436096e-81 0.0 2.980881775530126e-259 0.005833328455918128 6.504742511027505e-129 0.11202827031517876 0.8197202466832342 0.0 3.2881545643507805e-242 1.8237507027760568e-290 0.006918677836645418 1.0468501783364194e-81 8.832849294261814e-147 
6.931531079993265e-230 0.0610810032026524 0.5006881430837142 4.701558969641429e-06 1.70204152220198e-219 0.031381097521880286 0.013516023383875597 0.07356948547361299 0.0 0.0384131169870727 7.854554290140797e-242 0.010231654710769486 0.07375919762343977 0.04769473065869123 0.0 1.0684302558189193e-21 0.0 1.8209017771341933e-16 0.11252332984195383 4.7935671970193366e-06 0.0 0.0016393046573829775 0.017406324441812962 0.0 0.01808709328697471 0.0 
4.0787308603578077e-284 7.320285496248864e-231 4.038555485276704e-165 0.9114971546298466 9.96980004435084e-152 2.5614957423873613e-06 0.004321634350452613 0.0 2.7930236762341935e-168 1.8730639420155907e-63 2.438346421491988e-112 3.760976999114815e-62 0.0841786495233565 1.193845449422283e-68 0.0 4.338408656203588e-152 1.2441827123005606e-279 1.927445109944849e-40 2.491074886324451e-20 3.8024855502321194e-22 5.691073968381807e-185 1.2433432945449887e-73 1.143291681324332e-53 3.2470368225338543e-149 6.019557803785163e-13 1.0214273095398268e-297 
3.161766276757769e-275 0.0 1.31078568703877e-252 0.0 5.452539609462578e-106 0.0 0.0 9.745090424032395e-210 0.8554604682542994 0.0 1.1190853650491848e-288 0.0 0.0 0.0 6.064030703976526e-114 3.355785584375527e-147 0.0 0.0 3.367156576188158e-33 1.7232806198254575e-128 5.8738753647220975e-264 0.0 0.0 0.0 0.14453953174570053 0.0 
2.030731682738372e-26 0.0 0.0 6.222259394952752e-167 3.4566299733051432e-12 0.0 1.28663222102531e-267 0.0 0.9999999999965433 0.0 0.0 2.1080625e-317 8.003861515387006e-307 0.0 5.6977048859975664e-24 5.796707881928889e-134 0.0 4.715778843395745e-152 8.248347383808917e-183 3.56870685680788e-241 4.590506824763143e-28 0.0 0.0 0.0 3.4800351368470416e-66 0.0 
4.0443886859668406e-109 0.0 0.0 0.0 2.134469442249857e-36 0.0 0.0 0.9478341620286472 7.816317910942109e-209 0.0 5.00838678368164e-192 7.389836253742078e-87 1.3457804958148638e-210 1.6770615495614938e-252 8.393519159442664e-11 6.035334237174215e-266 0.0 2.633237843973352e-59 1.1842288029554689e-132 1.3327001835759025e-152 1.1840708585295864e-281 0.005190446747577827 0.046975391139839694 0.0 3.0244494371473585e-49 0.0 
0.06835060289270849 2.1557250509919132e-249 5.425386393876981e-243 1.162321574690706e-289 0.9233812461300147 1.7695431944556386e-258 0.0 0.008268150977276928 6.0317147599384665e-86 0.0 3.713252305717006e-207 8.408789575723577e-271 3.931473338408415e-266 0.0 8.664823920557095e-24 4.937146430124284e-224 0.0 7.511841270147013e-255 1.2572338571311998e-169 1.7921203556644127e-114 4.2692330324867386e-106 7.856176438103723e-173 1.0987164740314104e-286 0.0 1.1483668237584994e-172 0.0 
1.5532047152574103e-240 8.541525664016643e-88 0.32162145194192776 3.1848408760089122e-115 2.2776869864389664e-108 1.0419704327675707e-66 0.14948756172004402 3.5533390106912815e-276 1.018474058320817e-210 1.4469834357525042e-253 6.410904100202187e-149 1.6214719834234542e-198 1.0467897345243944e-142 7.070677216184608e-164 0.004482592480095044 8.462491915391441e-58 8.5956e-319 1.5241176404723786e-144 4.711478753393062e-18 0.46052478198835584 2.146880168757526e-288 1.2282835288586681e-217 0.06388361186957725 5.7e-322 5.911189173153987e-95 0.0 
4.0613819317757296e-212 1.3507833779015229e-250 3.705901823855784e-203 0.012911183843668173 8.431832830855132e-83 3.0599603907961834e-114 6.113163043723403e-19 0.0 6.781670860650203e-250 0.0 2.381498215392391e-303 0.000736139243448068 6.450544543242349e-16 2.8707695318098494e-43 1.6939795291245783e-113 1.3354020717599218e-117 0.0 0.9657802800663833 8.940372053146004e-49 1.9013058652963927e-13 0.0 2.751275204336657e-194 2.0939200371192617e-48 3.7006039816706334e-44 0.02057239684630958 0.0 
0.0 3.840601404884768e-86 0.23195949988903225 2.962203697182431e-63 0.010168832151616404 0.01840109340183054 0.0 0.0 1.3296691996162613e-157 0.0 0.0 1.2751177319007567e-70 4.53808738225264e-190 0.5204720960463847 1.1831623121280048e-170 0.02068124945996836 2.371764694375835e-235 5.510021072559306e-07 0.0730972976223808 0.10250199267788965 2.368154952807199e-199 0.0 1.6353124220808543e-64 0.02271738774878999 3.757519953579479e-18 0.0 
2.8874516239522947e-236 2.410341826707569e-270 5.5037890792768896e-241 1.795412632568501e-63 2.996366796090463e-149 8.110471704079186e-05 2.5398108557256237e-37 5.176967904201342e-227 1.198428848845235e-228 0.014609999891581982 6.81488672510081e-140 0.9853088953913772 4.347840313316358e-76 3.041606519940448e-138 0.0 1.5730308531013366e-109 0.0 2.1034147638365945e-45 3.280122004919268e-37 2.7760698319431424e-38 1.1832456397244402e-138 6.619593993992677e-62 2.304701465359987e-163 9.580007156437534e-102 1.8906625193334653e-55 7.641724730353845e-252 
0.3543164430576847 0.0 0.0 0.0 2.2808148164173495e-14 0.0 0.0 8.147781389341905e-172 0.6456835569422925 0.0 1.358795062294072e-191 0.0 0.0 0.0 7.5863643337101835e-34 1.666596894325548e-246 0.0 0.0 2.8572643004419917e-171 1.5491914364900618e-199 1.4860302462050986e-47 0.0 1.292776741248602e-301 0.0 9.343306617770297e-150 0.0 
0.1347460421688037 0.0 0.0 0.0 2.895590784982115e-79 5.172655309299481e-279 0.0 2.059852304909789e-161 1.4844211590101536e-56 0.0 0.0 0.0 0.0 0.0 0.854227249688724 2.4446818540068233e-93 3.895575249522245e-241 8.181308186673443e-282 2.8239632161913653e-237 3.771524350327766e-269 1.647013306695578e-62 1.2107025347693828e-279 0.0 0.0 0.01102670814247223 0.0 
1.0049201123509926e-88 0.0 9.77449330557703e-258 0.0 9.53432052460265e-69 0.0 3.2126824014e-314 2.901398503012293e-260 1.0 0.0 5.203124551760124e-234 1.2625637589166231e-263 6.964645087026679e-243 5.757605643960909e-239 3.1703889280198455e-116 1.3037216967859591e-281 0.0 3.328903357289195e-186 2.232917697386108e-61 3.796276603070216e-208 3.1827251846531515e-31 0.0 1.1904470178530711e-303 0.0 4.446101167604884e-17 0.0 
1.485166715269648e-211 3.559986331029166e-184 2.469493617499474e-30 3.000231672970938e-132 1.0203331589885365e-79 4.950453810947559e-136 3.114581425251952e-170 8.904688606800168e-57 2.5265850630947552e-201 4.276469795962381e-180 1.5441385337410575e-182 9.466837660285974e-10 0.02194705262193643 0.04114072783990821 8.938802760065495e-109 0.012890556775142668 9.267145350882579e-49 3.300858892929877e-179 4.855925956715131e-93 0.9240216618163289 3.143039061431027e-161 4.0104274174893146e-155 3.220571479683947e-147 0.0 8.221309373353493e-144 0.0 
5.099382639401703e-67 0.0 2.261270938e-314 1.3864681400687626e-170 5.047133449820167e-13 4.452810275007057e-286 3.5848372356754704e-297 0.0 0.4007071391009102 0.0 1.412300643943352e-191 7.21168695646397e-187 1.843887384758615e-124 5.434014659971306e-229 1.0397386240993372e-193 9.894869742800205e-61 0.0 6.2661127216612395e-304 1.866641672328112e-39 1.9777769394980031e-168 2.0194986592825008e-100 0.0 0.0 0.0 0.5992928608985851 0.0 
0.9832580160880484 6.789970106626845e-144 1.9205123574363323e-295 0.0 1.8336205880655956e-79 0.0 0.0 1.6210154534169682e-123 1.4474574173672465e-83 0.0 5.3398e-319 3.930440245183662e-263 7.691606586033402e-297 0.0 0.01674198391195162 9.07412351885402e-172 0.0 1.3424654748269168e-152 4.690413288847442e-167 5.154758592030728e-266 8.05344517185771e-54 0.0 0.0 0.0 1.4137559861118209e-83 0.0 
3.01963e-319 0.027293288556936166 0.7890147998575053 0.10597620850605699 9.598115092481738e-88 4.074839919640915e-65 2.5464014594772285e-59 0.0 3.715057385127321e-269 8.011894132814875e-250 1.0999069848315067e-116 0.012462340300344456 5.329182809220876e-33 0.014045289447947189 2.0496726300840133e-266 1.7282916601203288e-165 0.0345025422540438 5.14241433442772e-154 1.4097604498916514e-71 2.281797090380622e-29 1.6772645798574822e-209 6.050231491699677e-84 5.5538151719671445e-230 2.648800787375401e-34 1.590687032093908e-141 0.016705531077165985 
0.736045341424277 1.1975871264258468e-07 2.219743108326199e-233 3.266438819643872e-76 0.22835697995971377 0.011750282897193166 1.5428562211164282e-168 0.0 2.514333453733334e-145 0.0 0.0 2.244572083663203e-57 2.9912090495370097e-266 2.3475908669936507e-66 8.620714857834242e-98 6.942814972762922e-110 0.0 3.950516471740091e-185 9.597869438673012e-70 1.0562477460055851e-11 6.003070819476577e-266 0.0 0.02384727594954093 4.87580988165714e-66 4.385151095260464e-81 0.0 
6.584780289957324e-204 1.9369145546182514e-180 3.129626479080447e-154 5.2360978739173394e-37 2.087653739507905e-91 1.6472320337473295e-164 6.804392877326901e-164 4.390473808375361e-220 1.4745778120172891e-19 3.8203625209172645e-217 0.17456252778567283 9.100761900525801e-121 7.825885461671338e-58 5.856535963055072e-57 0.0 7.068912391614872e-88 4.2872204796605885e-214 9.706968955327422e-130 8.48527905686863e-24 0.8254374722143271 3.60379071714312e-96 2.182040913790471e-231 4.483538201570993e-171 0.0 1.0767397911664565e-34 0.0 
2.0546456163975367e-16 6.149611703267308e-73 1.0536895742715499e-281 1.3117272136303e-311 1.664977719985039e-89 7.245565330957345e-150 5.177145473423143e-280 0.006508414760445738 1.3377221823085143e-62 0.0 0.0 4.152810837053212e-289 1.7691059e-316 2.3809685706934931e-181 0.04687204865164924 8.573521424037949e-182 1.4583933166262134e-152 7.449523152935176e-177 7.073318328149448e-173 9.566329524424458e-230 0.9195473249165921 0.0 0.027072211671312782 0.0 2.0906075755059429e-165 0.0 
0.020644853600971673 0.0 0.0 0.0 0.8501724766209553 0.0 0.0 0.0 3.9143317456055495e-54 0.0 0.0 0.0 0.0 0.0 0.09147590316342184 2.675276426419277e-97 1.4605058115963168e-215 6.217426520996648e-239 0.0 0.0 0.037706766614651104 0.0 0.0 0.0 3.3008771805033146e-43 0.0 
6.113984260290372e-187 1.475527706920902e-98 4.9114749667549354e-142 3.2945841509337867e-151 8.21216603281959e-130 1.829465792141416e-116 3.387850173559806e-128 8.346862887934124e-68 6.319508407632185e-143 2.022908142564483e-160 0.015139419786395226 2.0062209870751023e-119 1.0192599525168248e-110 2.9453630935125098e-143 3.3395965186708954e-162 2.378271864639774e-93 2.124598243094e-120 3.600998434657099e-160 0.9848605802136048 5.54826496331119e-89 6.011155929481631e-269 2.7892206570456653e-199 7.535068084523538e-92 2.26170140791076e-309 7.772296320027945e-72 0.0 
0.0 0.011624135175347158 6.117314186208026e-24 4.6555039313921296e-38 3.257247034909189e-259 0.010672107800998061 0.039087691364108446 3.3324093745227773e-236 2.818103899657924e-193 0.010416064047435928 0.0008502051285594317 0.017595969334452566 0.3047216039107504 0.16867363101954144 0.0 1.0273560852482204e-76 2.801724260891944e-219 7.932316866286584e-15 3.5584657192504152e-12 2.2963272069954675e-10 0.0 0.4302446120757599 3.734276079922097e-37 0.006113979909847478 1.9782377668063627e-27 4.8596053667604355e-144 
2.7873606066098742e-195 2.3852903353455475e-209 0.0 6.1322726225820285e-168 1.6115994525485483e-204 0.1904368294368993 0.0 0.0 1.9177502834909278e-116 0.0 0.0 7.076627678716621e-108 0.364153036108419 0.015372743099842736 2.226959031874648e-264 0.24354114238536304 0.0 0.016487657007197187 0.014938549644080758 0.011617987828321309 7.290553710684416e-120 0.0 8.012312837175737e-65 0.14345205448987677 9.877997324555702e-270 0.0 
1.197916667383844e-170 6.041562350470088e-10 3.497116700873122e-45 0.03472383747485841 1.582455095444959e-71 0.28754294397174435 0.020810422269110708 0.013923249337343771 1.75845725332486e-120 7.598909414707614e-29 1.4293528360736927e-44 0.1649564178008382 0.2809077799596511 0.011595813096487741 1.4214907215110688e-129 3.431268861866724e-60 0.0 0.01136340690492548 2.4906463939805812e-37 0.0077029475042720945 0.0 0.021402949015936874 0.14436482302354892 0.0 0.0007054090371261507 0.0 
9.030690610627764e-292 0.058318871568831726 4.608204626121978e-28 6.600739434101165e-216 8.820220473589256e-108 0.1579213049920651 9.43834816145074e-149 6.501117736538636e-110 3.965203183479604e-285 1.0123567712919909e-37 1.7517114296231683e-300 4.768417375616831e-127 0.106846909442076 3.229965022688319e-160 5.832420937557872e-203 0.6104855394289779 1.5317152208842421e-179 3.008151960747724e-09 0.043574240595344725 0.02285313096455257 4.544665971105397e-173 2.3439471228781792e-253 5.4813532133105406e-58 0.0 6.500724241875793e-98 0.0 
2.5111500129679826e-158 0.0 1.1976428369915952e-241 0.0 3.9530769453003045e-181 0.0 0.04929196143028942 0.0 6.765633876619273e-260 0.0 0.0 0.0 0.0 0.0 0.9507080385697105 1.636009061951114e-259 0.0 0.0 6.463071335668929e-178 0.0 1.2276155158235092e-222 0.0 0.0 2.2133415878657115e-83 6.616167507413846e-243 0.0 
1.8096791731176587e-292 8.617045524283747e-117 4.2672785634829373e-197 4.283535176417225e-139 6.08811364601975e-216 1.010877387740218e-242 2.3098257486097876e-207 0.0 3.16524054728866e-208 0.0 4.824599271532817e-288 8.585600568649568e-112 9.356295082181627e-64 1.0 1.7658628988410206e-285 4.5490860559805304e-126 0.0 7.495315053154293e-73 7.337552732834685e-86 2.610913828802714e-42 3.7703638242354e-123 0.0 1.5030584952314476e-240 1.049214084597664e-111 2.6e-322 1.1669979622060921e-230 
4.724673288480706e-279 4.6477122489897004e-206 1.4438945867291363e-101 5.3155658313926106e-39 4.139412699084309e-174 3.970973847060575e-132 6.697180372498941e-118 0.0 2.492892945812434e-25 0.0 2.269102351312923e-243 9.263565067793754e-26 1.0350905020916503e-175 0.9536719444421816 1.9373444761392133e-176 9.623194580021305e-123 6.209744369723807e-119 0.04632805555781837 5.044588244811245e-86 3.5982195016388525e-46 0.0 0.0 4.5753543584880775e-127 1.984717553273565e-102 1.5254840495347768e-69 0.0 
0.0 0.03986812796856456 0.6151156076242252 7.249858777665898e-48 0.0 1.5088768737297413e-128 2.1856836591143708e-140 0.0 7.318879913153616e-100 0.0 6.879204439505684e-08 6.350230632164149e-67 3.3034742607550016e-31 1.3423823455453133e-70 4.146599051314668e-303 1.3321324581777648e-139 3.899471557215025e-31 1.056166932678441e-51 1.707273354674843e-52 2.0706570782114196e-128 1.5739608338289513e-285 8.50081452260849e-213 6.688751044452725e-139 0.016569293577131893 0.31720630304612446 0.011240598991909476 
0.0 6.565872467314479e-216 1.6270533637039897e-114 4.959757427059205e-45 7.942687657060364e-69 4.6534966140374566e-85 0.8728374830241654 0.0 1.0983388516382797e-86 0.004257180999779895 4.9748556509037906e-95 3.6478500120878475e-138 4.625347098492769e-168 0.06333093287266738 0.0 9.976075817889716e-113 2.019029904452581e-171 2.121598879177065e-177 7.398102913068743e-06 5.174810210031212e-31 0.022190531183763275 0.03737647381671098 2.93284652627361e-294 6.794236468417518e-232 7.106098277580745e-136 0.0 
0.0011052146519812051 0.10139078982201408 0.02101568535367197 0.05221395853461766 1.6228453732246117e-161 0.08120921469402308 0.061295594082915766 2.673803325008558e-134 2.034050084270176e-73 0.031784792946975664 6.8288191247111235e-186 9.443826835926739e-125 0.004328814875537922 3.007390498532587e-96 1.2596291766232595e-82 0.5672713021571543 0.04953485895852799 3.7174673384605717e-53 5.965518713403429e-112 8.948946533379853e-11 3.3740195979245313e-222 2.0789985522768724e-106 0.028849773833090807 0.0 6.683057916871864e-84 0.0 
6.263365610933949e-293 0.1051444328242987 2.068448606829544e-130 0.21503709735445495 1.0712250289725212e-217 0.03562822236926487 0.03160733582480077 0.06828984917976937 8.325467211103657e-169 5.089523684093934e-126 0.0194664366768248 0.08640758572480871 0.044418765230185814 0.06294067185052067 5.294330554243646e-260 1.88280466582182e-78 7.536629100244063e-235 0.2847563813704538 0.002496378287492661 0.0038257880776996663 0.0 1.3811985786486214e-160 0.021803017948232743 0.0 0.018178037281192383 0.0 
4.836784229565547e-187 1.2444549534711796e-231 1.5895212264312624e-56 1.7680053249709407e-70 8.002380445579094e-72 5.637382305314809e-114 1.5600426496139501e-220 0.0 1.51792327419482e-147 0.0 6.105895236514128e-235 1.2066043159280894e-81 3.4238101635366776e-21 1.5341944488907238e-73 2.0957078511831144e-248 0.0008787243813412666 0.0 1.6214614620809532e-55 0.9991212756186587 4.640417855416174e-60 0.0 2.790561477239632e-257 3.030159827706065e-37 1.2938461803230023e-111 1.9039216238503446e-28 0.0 
7.808628086058782e-49 0.0 0.0 0.0 1.0 0.0 0.0 1.588382849285143e-257 3.186781624076685e-110 0.0 0.0 0.0 0.0 0.0 3.0832012780932014e-57 0.0 2.8571974175722474e-307 0.0 4.228068534465954e-68 4.7142383551509414e-223 2.3875374978630467e-51 2.670975490785e-311 0.0 0.0 5.377688409620238e-38 0.0 
2.8828248349843195e-231 0.10943849179319519 1.0724912353024521e-212 0.0671461587650653 5.8071183714697665e-62 8.441450787651737e-192 5.838786603717041e-120 0.0 7.575571769238808e-176 0.0 0.0 0.8234153494417394 6.305801778630545e-164 7.453064094865834e-28 8.233332643278404e-27 2.9180605617581934e-107 0.0 5.4371867376383244e-18 1.9289908388000527e-73 5.168127041282889e-136 3.570079400605017e-285 0.0 9.536388991692563e-141 2.2529741506397276e-217 3.4026441151833796e-133 0.0 
2.5412854302211975e-245 0.0 6.182736039656308e-46 0.0 0.012427296945645998 0.0 0.0 0.03535156967977773 1.0317644373649902e-285 0.0 0.0 0.11756798049801805 0.0 5.496755363090436e-297 5.636875850535608e-19 0.0 0.0 0.8267025853059187 5.268170228663089e-237 1.983014273431772e-217 0.00795056757063959 4.402768628238631e-91 4.515713158565732e-55 0.0 2.6432415224523255e-115 0.0 
0.960235400607081 0.0 0.025767076889950308 0.0 1.7227512048074267e-64 0.013997522502968816 1.5640918417923825e-201 0.0 9.890689125653264e-108 0.0 6.318072688382536e-282 0.0 0.0 0.0 1.0510907539109753e-85 1.0616392829042142e-287 2.0442852892802857e-283 0.0 1.5499684728177493e-51 1.9354775241538435e-301 2.6839437394610915e-194 0.0 0.0 0.0 4.821073174645804e-144 0.0 
2.340725875502778e-85 0.0 9.192754016732125e-185 3.6090319686897112e-236 5.693607908805453e-40 0.0 0.0 8.914053273982473e-207 5.702163869071359e-72 0.0 7.567081940943954e-252 1.2499732892255549e-197 7.30177050977053e-274 0.0 3.698967199890969e-45 0.0 6.033e-321 1.8307994543677143e-164 9.283816154804159e-81 5.190793862972033e-188 1.0 1.7999461213564642e-269 0.0 0.0 7.240927591036467e-42 0.0 
0.8783119147183321 0.0 0.0 0.0 2.115767404885132e-46 0.0 0.0 1.8060830425818174e-264 0.011581412452919798 0.0 0.0 0.0 0.0 0.0 0.10998999292079592 1.559423270718686e-182 0.0 0.0 2.744381812584523e-150 2.6334459075472503e-301 7.800924652968294e-56 7.501319748829704e-178 0.0 0.0 0.00011667990795222257 0.0 
2.64528327832928e-153 0.0 0.0 6.070663295697192e-308 0.9961370088199359 0.0 2.343050981444939e-168 1.0384427373608994e-266 7.413336479925659e-29 0.0 4.9443959426353e-159 1.493023847200683e-269 0.0038629911800641304 2.308360581386341e-294 8.98709101164013e-151 0.0 0.0 0.0 1.5063486124992687e-38 1.9987389946720363e-175 1.623580811972602e-71 0.0 0.0 0.0 8.43655026172549e-32 0.0 
1.2373078434290298e-278 2.0784466543282905e-69 1.3957546865455845e-121 2.5652304838905685e-17 2.4730285363926516e-172 2.303639910155397e-112 3.4730839520677335e-128 0.0 8.779381587122663e-158 0.0 2.763226552193973e-66 2.2557538585365093e-50 3.010165206978619e-166 1.1015702062182784e-18 0.05218999113172442 1.098405912142914e-58 0.0 0.8111366502060858 1.964530838019771e-54 2.3977672906403584e-68 2.3059609715749553e-199 1.5369141508742835e-262 0.13667335866218977 3.344866079624225e-147 2.5909900629902948e-79 0.0 
0.3357565712281409 0.0 3.450351029652366e-207 0.0 0.018710583943674877 0.0 0.0 0.0 1.2166890415881124e-95 0.0 0.0 0.0 0.0 0.0 0.6455328448281842 2.570181328736636e-189 0.0 1.7112873209054557e-257 5.150990366133798e-162 3.468266235582444e-225 4.1752285949025735e-35 4.3104150134078455e-263 0.0 0.0 3.5149552873720554e-87 0.0 