# The number of letters 
26
# The number of states 
45
# The initial transitions 
0.0
1.94355864589e-72
1.30676450297e-56
0.162009021528
0.0634042726243
2.42872968494e-59
3.34947389456e-19
0.120011255543
0.00935703516074
3.51310476161e-42
0.0040009497569
0.0311070410044
0.0104299649394
0.00062455671617
7.40050915851e-77
0.0229349933606
1.09620252411e-157
8.39894642751e-38
2.89067017677e-13
0.0607444072862
0.00832317769919
3.14273144889e-39
0.00261751792975
0.0749406110284
5.21753874179e-30
2.66817165826e-108
2.38459752843e-229
0.053394870502
2.19068614431e-37
6.30288200858e-31
0.102794576615
0.0406902190697
3.04388796726e-256
0.00533083174564
9.47757257101e-73
0.0125755238566
0.178368665148
4.56043334894e-16
1.06165085192e-49
3.7561170223e-127
2.07208239095e-66
4.02148872789e-11
0.00404877419894
0.0322917342455
1.94971178364e-50
# The internal transitions
0.0 0.0118280456866 1.54778157415e-174 1.06665916242e-60 1.35064159991e-87 0.356430995282 0.0174116435542 1.13101879168e-157 1.42686955922e-26 2.74881809387e-36 3.38233617148e-65 1.19871033625e-62 0.0 1.40926106062e-127 4.6006240775e-15 4.741386237e-64 2.22971118917e-71 1.00973018653e-84 4.63950134643e-142 1.61666957249e-126 1.40076958114e-60 1.52318543826e-256 1.98470772962e-40 0.0380245834084 0.576202223592 1.08462271465e-147 6.676265684e-39 0.0 5.94984316673e-06 1.331042162e-57 2.14550837945e-11 1.18478146333e-227 5.53835351514e-62 2.7768876011e-95 2.15242101246e-49 9.65586119985e-05 1.09207667233e-91 2.14929790787e-142 1.91758349905e-129 2.85377240415e-53 2.52982773371e-23 4.26278374008e-201 7.57794256326e-137 0.0 1.45626830063e-70 
0.0 2.47639515376e-290 1.59634973032e-56 0.0016588663893 0.0 1.24983644141e-283 3.93443165804e-09 2.49699682288e-65 0.0 0.0 0.00644809241346 2.19443479372e-68 3.46879430425e-112 0.10270147078 1.84228463167e-119 0.0 2.24358627342e-06 1.30868210029e-43 2.44889212406e-42 3.88401907028e-15 0.0235618904471 0.00979738128869 2.24318214838e-18 8.44322900315e-99 4.19124768106e-52 0.0427919452403 0.53241274259 8.69234704215e-284 1.05385303192e-267 3.50353373688e-92 2.13297930738e-17 7.32951538381e-59 0.0177312160965 4.97699101611e-113 2.57223660227e-313 0.0 1.45883235764e-47 0.0 6.67789181564e-06 0.0 0.250227628806 7.6363031901e-31 6.69255200833e-23 0.0126598405363 0.0 
0.0 3.09003881409e-15 3.81949700862e-301 0.0 1.41881096481e-37 1.20629344278e-45 1.21838234475e-262 2.53443495883e-256 6.27330720297e-29 1.10659691176e-22 7.75683063971e-321 0.0 5.36956703981e-101 1.94630426887e-237 2.07779472466e-13 0.00471126370773 0.0 1.48862282055e-300 1.05437665231e-285 2.41165694171e-177 3.95773812059e-257 9.50447642874e-204 7.92337446194e-248 0.085820301921 0.0991090518729 0.0 0.0 0.0 0.385974727327 7.79393599914e-15 4.98559262477e-284 1.27504805268e-262 2.41922561184e-277 0.0 8.94958407543e-34 1.02440771808e-16 1.43371966218e-249 5.8279338777e-62 2.11323731929e-159 1.3709637526e-55 0.0 0.0 5.16481661358e-123 5.87365230949e-271 0.424384655172 
2.83015500577e-38 0.0802285128812 7.16279665546e-112 0.0 8.57552923176e-13 0.00224701393672 0.0 8.68594392153e-93 0.05802444666 1.34589470661e-08 0.0 7.44140326878e-137 0.0185458101781 0.0 1.10949874663e-16 3.2029642782e-83 2.42416876072e-183 6.80579377629e-12 0.249276247858 0.0 0.0111570917332 2.85838398061e-205 0.0 0.000223437165963 0.185876896172 2.27531084623e-50 5.5959231828e-269 2.52305958312e-207 1.17307298789e-23 0.0517611648263 0.0 3.02869903804e-47 0.0 0.0 0.180253341337 0.0183707763097 8.34527195651e-139 0.0254751629743 3.90479049642e-178 6.88134065806e-23 0.0 0.0 1.6083032797e-159 0.0 0.118560084501 
0.0 0.0 3.97245238015e-124 0.0312154022399 0.0 2.18510877051e-151 0.0859307999918 7.60161589928e-33 0.0 0.0 0.00982139901741 1.45498286671e-111 0.0590824101724 1.57834040553e-142 2.07050143625e-163 1.41185921609e-149 0.18622692035 2.37177610506e-173 1.89937851013e-146 0.0576194239395 1.36543732021e-13 0.0848809674614 4.76902763005e-21 1.2803645572e-164 2.59475140054e-119 1.79439647169e-102 0.068436401412 0.0247725203432 0.0 6.18946622278e-173 0.000522118854471 0.0151056152755 1.50101645901e-35 0.0380072487812 1.52507833075e-96 0.0 0.0456780932664 0.0 2.04936981578e-41 4.00524150975e-193 0.0239799683835 0.12541693205 0.0647923417059 0.0785114367557 0.0 
2.52911451713e-311 4.2131339512e-58 0.058709835003 1.08792367529e-95 2.18405951341e-99 0.0 0.019304092493 1.04599364749e-24 5.20395334634e-75 8.85050643861e-79 2.05085840142e-87 0.0171131340674 0.0 0.377056180417 1.21017703638e-89 0.0 1.73073119138e-85 0.0377952357188 4.2896053562e-08 2.69382523619e-34 0.0125818716244 0.16989399708 5.56896680563e-34 5.23158730903e-48 0.17504538506 6.67674118279e-05 3.08204452761e-43 1.45482968358e-266 9.92712182265e-49 7.16569549489e-83 2.19510008191e-34 2.43841457174e-07 0.0518394534157 1.49902420798e-06 0.0 2.12990958191e-65 0.0466665919631 4.05247292477e-74 0.0125352432798 0.0 3.43061659409e-59 3.3796670224e-93 0.0213904267033 1.13961140414e-209 1.3864565574e-78 
4.78177499963e-54 4.51924025136e-69 0.0 1.04319520359e-133 2.00986694478e-23 0.102638603794 6.92505943556e-304 3.03943929438e-268 2.74012545857e-49 6.55464135137e-13 0.0 0.0 1.07508308611e-241 0.0 8.13091421402e-40 3.75197346762e-50 0.0 1.82814713849e-284 1.25148936593e-212 0.0 5.01367325151e-263 0.0 2.17683963257e-203 4.34773460306e-13 0.28222938546 1.8313363533e-252 0.0 0.0 0.345363823166 1.16111142843e-44 0.0 0.0 0.0 0.0 3.09518526552e-70 1.62091364374e-107 3.25923699511e-246 0.0120103723078 0.0 0.0129341556371 0.0 1.38970989496e-164 4.14501770521e-119 0.0 0.244823659633 
2.45841337807e-25 1.27293103201e-06 8.32024547581e-287 0.0 1.93912862747e-52 1.35504177655e-17 6.85562349745e-268 4.93418448516e-184 0.0549938361918 0.0232495786976 1.07805123923e-320 0.0 0.0246082023086 0.0 0.608469954546 7.65719923126e-20 1.89466773545e-218 5.99727850559e-22 2.61018318014e-25 3.28307726575e-235 2.72556132624e-262 1.10531751683e-203 4.31055034321e-308 0.0753754664422 1.30569119076e-44 3.4805102207e-62 5.57373423792e-195 4.73329209326e-216 2.38568930676e-35 3.5613455016e-39 0.0 8.3115100097e-280 3.42538589223e-266 2.62807053193e-281 0.0585078124814 0.0996319028487 0.0 9.49480116432e-37 2.74389305622e-151 3.51508374628e-15 0.0 0.0 8.05740037604e-165 0.0 0.0551619735526 
0.0 0.0 6.79698785593e-15 0.0606300936626 0.0 8.58039633289e-132 0.00564854322128 1.07584240279e-22 0.0 0.0 2.76326941237e-41 3.25177787428e-92 7.14218535524e-179 1.16141884944e-16 9.09832466898e-76 9.59301796449e-131 9.16762334597e-13 2.92997279311e-29 1.88198394176e-26 0.173973017253 3.14893292237e-35 2.25329664346e-10 0.113337345992 2.22208160838e-30 9.44912125258e-62 1.19822577365e-37 1.50652722874e-05 5.31409128196e-27 0.0 1.12526592262e-110 0.0408633255854 0.290506499329 0.000132726233409 0.0273080438979 1.47243975085e-180 0.0 4.46538671701e-31 0.0 4.93962852817e-35 3.21755862286e-245 2.10399956736e-07 0.18064437203 0.106940756898 5.72478749358e-25 0.0 
4.45717211183e-287 0.0 0.213041573373 1.14513811917e-42 0.0 2.6580238096e-153 8.54103852392e-09 2.14275759235e-33 0.0 0.0 0.0 0.158338279159 1.56854807548e-115 4.07126059713e-19 2.05606393025e-76 0.0 0.175319010521 1.56165512614e-24 0.0171384317786 0.00920301579726 0.0752315146465 3.17852933451e-07 0.0770853025072 0.0113581771633 2.50197379521e-37 6.00565145545e-21 0.188193765126 5.09690645205e-260 0.0 1.2425515133e-91 1.51716668251e-28 1.95890017648e-63 0.0750905953566 6.88618508159e-188 1.36835202974e-248 0.0 3.14201287963e-47 0.0 8.17722887113e-09 0.0 3.77879267026e-30 7.75137013813e-21 5.97796266969e-42 3.05182010257e-252 0.0 
1.0390170726e-168 2.25718980618e-83 3.0022210471e-201 4.3226145468e-176 5.25466932909e-61 1.28450914287e-72 0.0 1.67207829808e-182 1.27784568239e-91 1.13868090044e-66 0.0 8.95936820783e-108 3.75548094536e-72 1.24210274054e-141 9.28078456449e-33 4.80574386073e-119 2.28482096254e-164 1.16027645071e-254 3.12116909763e-107 0.0 1.17412389091e-124 3.13899149132e-158 0.288755348022 7.66078748657e-07 3.74257583564e-19 5.46415102526e-245 2.95482642979e-303 0.711243885899 2.46233699636e-28 1.01352221529e-27 3.26138777184e-84 1.30093227724e-242 0.0 0.0 2.14055613411e-82 1.25753960133e-109 2.11308633913e-243 8.33984811765e-50 5.27662552822e-313 2.03350360612e-29 0.0 0.0 3.25818379412e-176 0.0 8.19370980599e-71 
5.68114168732e-76 3.33370182664e-07 8.07005273631e-84 5.30315960114e-150 8.07795188092e-17 0.14952648171 1.50797819984e-93 8.08094010218e-141 1.79485552363e-25 5.05862450522e-44 0.0 8.89114289942e-205 0.0434790308752 2.00360144441e-110 1.03305097445e-15 0.0504125135745 9.20708420224e-236 2.60696628609e-194 3.80108832163e-203 2.77872619262e-150 0.628087059735 2.49493657221e-73 2.21175505381e-57 0.0282020984292 3.99423827186e-19 4.58304273017e-192 0.0 3.783866381e-310 6.69236072654e-23 6.84819574432e-14 9.76468475301e-113 5.06549600521e-82 2.88561362315e-314 3.66889739542e-197 4.26612926304e-19 0.100285268865 5.23501952344e-136 4.4868175743e-22 8.89919125054e-111 1.16820454928e-43 1.77302347654e-192 1.8793412219e-263 4.14312471043e-216 4.77688321439e-91 7.21344085226e-06 
3.53922626006e-316 8.93694619993e-101 7.36752324212e-15 0.0736013137035 3.08136752322e-51 5.23582177154e-81 1.350115517e-121 4.40674285816e-34 3.0722168523e-169 0.111036493946 0.0537289299681 0.0105351295276 0.0 0.179757306793 1.81404966909e-91 2.58235148329e-109 0.0646928272067 0.0918985820158 2.63011745076e-44 2.93537286744e-61 9.94981294794e-33 2.93856963879e-73 0.0313446387601 3.40426103796e-12 6.67644083781e-37 3.77542105159e-53 0.194504905649 0.00173969539523 0.0 2.79446440037e-78 1.66036686542e-62 0.0901807917514 0.0382230831939 3.25582951526e-148 8.90914062421e-129 0.0 8.17782284658e-45 1.02491724102e-154 0.0578496076472 7.22159068126e-122 0.000906694438907 1.100014487e-59 6.20983136005e-89 2.37230881292e-172 8.91608385776e-18 
6.74571114201e-276 1.25666310492e-14 0.0 4.16470943585e-246 3.58927841841e-27 3.59086178337e-36 2.89898628215e-181 3.95461061226e-114 2.02469988292e-14 8.91565076394e-07 0.0 0.0 9.93228230932e-170 1.10133911831e-161 7.48713966659e-39 2.62583249379e-67 3.5258155299e-305 5.28417802031e-87 0.0124702965702 0.00293172123944 6.0726532982e-186 1.68501897177e-104 3.28035404264e-157 0.0220961684187 0.011184764827 1.78037056401e-40 6.61798360803e-246 0.0 0.561836595483 5.29857865037e-10 2.78425593784e-209 5.57349261637e-253 4.2640669586e-29 1.16704169768e-271 4.19257208844e-120 4.87077993583e-16 1.04024371434e-139 4.45680410184e-29 3.38356805307e-06 6.90530092278e-24 0.0 9.75902189535e-273 1.22102713998e-77 1.05416489089e-195 0.389476177799 
0.0 2.66854024744e-32 0.151437033374 6.11521800448e-15 3.47398330844e-15 0.0117839930832 0.0403357371473 5.2855639907e-66 3.66670856583e-29 0.030044013307 5.72610840629e-86 0.000535929568185 0.0 1.24115617547e-07 3.37869357597e-71 1.07997387094e-20 9.52175420437e-77 2.75721293138e-44 6.75161113815e-57 0.0335255028084 5.14146046454e-41 0.122693398115 0.0259058700087 0.00772506969788 0.0243641522222 1.37757824271e-30 6.33171543335e-29 1.54209092596e-266 5.92193036244e-33 7.79611711337e-10 0.0147867516792 0.0735080526058 0.115204564165 0.192919266575 6.62747585145e-112 0.0516017370039 5.39430806706e-47 1.67652163336e-26 1.697066856e-28 3.40814465093e-120 1.20922626072e-41 0.0583710965087 6.24693771349e-85 0.0145072306949 0.0307504765409 
2.80362052976e-296 2.15299687926e-142 6.44135336002e-114 2.58775039915e-130 8.89334278432e-205 0.0 1.86591647061e-12 0.0586701484559 6.21736679371e-158 8.12669155455e-189 2.07989038754e-313 0.0224156546695 1.5244952271e-66 0.0186563528195 8.54304580236e-172 0.0 1.88044491546e-57 2.45982670173e-96 3.38102004561e-33 2.62471448886e-73 1.6487881367e-185 1.28073807895e-90 2.25769067753e-77 1.15452334684e-146 2.29449144932e-116 0.0376289191807 0.319036080315 5.68960709025e-249 1.98272756074e-128 3.83045394476e-236 3.09767211152e-96 2.52409684236e-98 0.130013309245 0.0330152556554 6.51176950465e-311 2.05646588176e-134 1.01487853747e-54 3.94058540224e-220 1.83016343475e-27 0.0 0.202705469375 0.177858810282 3.20251876155e-37 3.79604516547e-48 5.9021940154e-181 
3.09378128045e-294 5.59984101892e-12 4.75168608101e-78 0.125433934078 5.33433441648e-19 0.0128723619462 0.200404629829 9.30254722873e-16 0.000154200767719 1.8203084136e-35 0.0150791142258 9.38900122704e-266 0.0387221979931 0.0481427042796 0.0402072654148 4.30068783015e-84 1.53925217767e-244 1.40546705655e-138 0.0828332247643 7.94406625775e-35 3.14883522229e-83 0.0169636676983 0.0248183834256 3.45203977394e-24 0.0180421960068 1.27571658121e-119 2.96833712023e-226 0.0 0.0210466473837 6.72005014387e-79 0.0205129177389 0.124689145664 8.30566709383e-164 0.131378393789 2.88663475935e-57 2.56233226079e-10 0.0329347283705 7.24950835271e-64 0.0089785238548 2.71460304474e-10 3.48798580147e-64 7.35999767735e-124 2.07214514225e-175 0.0367857622368 8.86510008831e-42 
0.0162771103455 3.85791361854e-22 3.9693870764e-243 4.22456837275e-242 1.02512774604e-33 2.07002002313e-12 1.86310548093e-199 5.90692712031e-122 1.07975939538e-12 0.026607150434 3.88690752753e-311 0.0 1.79897319383e-52 5.42666486871e-172 4.97092502655e-58 0.0192070433888 2.89549012964e-304 2.4224967546e-187 2.60788789884e-61 1.03064142372e-173 4.77017599382e-260 2.843678721e-210 3.22604229988e-162 0.0550915807736 1.15150877792e-14 6.0028435713e-123 3.38257172434e-268 0.0 0.276937371063 9.05588156407e-07 1.98271175434e-281 1.59062826496e-200 0.0 2.96584739436e-310 8.02940509314e-52 0.0770342675419 2.12522863405e-217 1.48828517479e-29 2.69220250294e-123 5.25769206292e-66 6.95547857665e-242 0.0 2.60370883228e-176 1.79955104819e-264 0.528844570861 
0.0152929603242 0.0199181529029 2.24205307771e-189 2.72936069718e-272 1.11214698925e-34 4.6430108422e-21 6.91612099937e-172 3.62055279107e-215 0.228921502039 0.0780769797138 3.22509392557e-166 3.19330284563e-265 1.94672668766e-60 1.32526914574e-224 0.308653952096 0.0852925273137 0.0 1.5060869182e-246 4.64799187833e-244 5.24936941603e-176 4.87119703653e-155 7.21589957597e-246 1.99419951597e-192 1.70249457009e-27 0.0367783836907 1.11882862961e-270 0.0 0.0 1.05684172048e-62 0.127095781572 1.40546621951e-220 9.30899813035e-264 0.0 2.00909436326e-237 1.40043568703e-32 4.18972328348e-27 2.13840530661e-307 0.0909594893375 3.59878651174e-253 8.14049118503e-51 1.72592657303e-253 4.12166298798e-304 6.56034291621e-148 5.80190293431e-121 0.00901027100968 
1.02851604497e-74 2.80854811348e-10 0.0 4.41089580505e-120 4.06459428654e-39 0.0506240113067 1.65030823334e-266 8.28159000111e-120 4.15394313227e-26 0.0718148180709 0.0 0.0 0.0760481348104 0.0 0.418958349578 0.0734000108744 1.09207095135e-139 0.0137950893751 1.57873770082e-27 0.0 0.0 4.99244325602e-205 2.38149667911e-113 1.08150758447e-34 0.014313342796 3.04381743581e-32 0.00830442800955 0.0137656379896 9.08187591525e-58 1.36696837853e-19 4.27476232701e-154 1.13036304123e-210 0.0 2.89765924075e-307 1.57638773838e-16 0.101204015125 7.55416006844e-307 0.157772161784 7.70094313783e-154 1.62398017111e-28 0.0 7.03980389338e-273 4.37577720385e-118 1.05300210102e-102 2.22399354385e-46 
1.62318677642e-231 5.62231654137e-12 3.00748851964e-178 9.3677145482e-220 1.14876781234e-18 1.13902913568e-42 4.52142584914e-166 4.73269009817e-205 0.0469490132252 4.35653536137e-30 1.18068860994e-290 1.16490797976e-319 0.0133536309904 3.71284503898e-121 0.226533978224 6.0057759951e-112 0.0 0.0 0.0 1.89305737242e-195 7.8081662824e-141 0.0 8.19388149243e-132 1.11319576569e-06 5.38987744017e-19 0.0 0.0 0.0 0.247907308987 0.125609627066 5.44160483053e-240 8.59013806641e-121 0.0 1.74000554132e-293 1.95409493624e-49 6.80746976285e-29 3.02834012384e-204 1.77420776402e-26 1.02897155515e-152 4.35152598333e-88 7.51422778674e-259 0.0 8.92379789458e-143 5.15610416346e-185 0.339645328305 
1.38123227829e-47 1.12177311091e-19 1.38661384873e-232 4.62307455176e-132 2.15739206406e-28 2.14850442727e-29 3.04761185681e-190 1.29865133598e-47 5.22545304587e-36 1.68851917342e-32 3.93376791249e-238 2.0905450657e-189 3.79775316979e-139 2.40533088362e-166 3.1271323116e-59 0.0408243590397 7.36879074211e-117 1.20803220362e-237 0.00744826460753 1.45219164435e-242 5.91912587528e-125 0.0148699465231 6.42480929113e-34 3.27110399903e-26 0.122290850556 3.71436854008e-199 3.84629703684e-281 5.09633216273e-67 0.00953777093441 0.284817260763 1.2815754289e-43 1.79345254797e-133 0.0 1.72526154183e-174 2.02847985956e-36 5.25151664003e-37 2.97414191786e-228 0.0514005554445 1.31250691881e-230 0.42760031164 6.41281858099e-251 1.0990521522e-312 3.44465023005e-139 2.77354727086e-168 0.0412106804919 
1.21221746075e-228 3.92097125486e-10 0.0 0.0 0.0275995543641 0.0662123298738 2.52620695102e-215 5.40299768488e-155 8.56774914395e-25 4.39546862113e-07 0.0 6.4559756915e-268 0.019445377399 1.76386248313e-247 1.97862003672e-11 1.51523203383e-62 5.30841951596e-286 0.111874913296 2.07675429393e-31 0.000148724230889 0.0 2.04715899579e-168 0.0 0.105290185163 0.144256907073 9.45455074804e-70 3.0304043291e-275 0.0 0.213330645514 0.0819611888859 0.0 0.0 1.38640966331e-33 0.0 6.03704179178e-52 0.00560926484607 1.85809075072e-157 0.0146709546768 0.00311920711313 8.25726215167e-28 0.0 0.0 6.38127450268e-103 0.0 0.206480307605 
0.0 9.17207880015e-110 0.0115936250659 1.1798672835e-116 1.33848415742e-175 1.5539389745e-198 1.97352139512e-82 3.15543847031e-30 1.32631820361e-140 2.75056950198e-158 6.66494485796e-136 0.0650660876789 0.0047279688253 0.0119773940463 7.32014742085e-233 3.80150955715e-249 1.32923141294e-78 0.014505255834 6.43270328944e-31 9.25091103242e-58 9.26970214839e-54 2.94656153728e-85 2.08602747198e-31 2.47520585298e-176 2.12541448775e-150 0.0136200654745 4.84481373946e-26 0.00436789306032 2.66680990297e-107 4.41888369968e-165 7.77866345626e-123 0.0340671544558 0.775024203255 1.01397213969e-159 4.8840477882e-173 4.5115716951e-105 1.85323559397e-105 2.53049725536e-207 9.03293617477e-18 7.6213630735e-313 0.0535289680686 8.60985100627e-87 1.02640038968e-104 0.0115213842349 2.14091585408e-148 
2.70674970305e-288 0.00086758295358 0.0262383810212 3.10270655088e-95 9.44520528528e-151 1.02533769542e-284 2.36515422605e-41 1.74086339058e-11 5.54667525113e-136 9.7572361649e-178 1.20850515376e-20 0.037678035373 0.0 0.0850566931981 5.3357921814e-219 4.87162419743e-272 1.29472004307e-37 2.79508401151e-20 7.06464620464e-10 1.47997523257e-31 0.050236031711 5.76256806331e-29 0.000775117281869 3.70317408334e-131 2.35699942196e-134 0.238484853249 0.544628772691 1.88594011996e-259 0.00167636436017 2.5615477711e-124 5.43085312341e-116 0.0122662598027 1.92285286382e-16 6.32596422182e-123 0.0 3.95719604591e-45 5.26715125244e-71 1.56068164241e-182 4.4554395836e-24 0.0 0.0020919074788 1.555643014e-10 1.34629419082e-107 0.0 2.02934234954e-114 
0.0 0.146901821208 1.0662421887e-67 9.30886579418e-68 2.39103161845e-20 0.0168763418199 0.242967514256 2.75112241847e-32 8.69078356752e-30 8.21051104645e-14 1.28808508909e-233 1.01213329135e-121 1.14560769337e-62 6.72835005492e-12 0.010971332157 1.27515464301e-26 8.28253124398e-251 0.102787327651 4.87317914397e-22 8.21787315039e-55 0.0904623753202 5.86465743372e-52 3.219172244e-21 2.86360303584e-08 0.0213784990507 1.83689955722e-46 5.24535447182e-169 5.01104603324e-268 1.35943802907e-28 0.145699165194 1.47443112831e-18 0.0573439973602 2.15849637057e-200 6.35790545563e-146 3.42671768011e-17 1.48491128328e-50 5.72047934699e-87 0.0204953782151 1.25863589874e-14 5.121696414e-26 1.9716612697e-40 4.60958098355e-153 9.99515588136e-164 8.3999078832e-44 0.144116219124 
2.12456984827e-258 3.56790349685e-20 1.38413284611e-99 8.04467780553e-70 1.06550505151e-21 0.0528565615499 0.00120182498568 3.52696692193e-17 2.68639881649e-25 0.0157143940523 3.54086253351e-91 2.14206274698e-219 4.48608082439e-101 0.273343247084 0.00603291147832 5.41947904977e-66 8.15511029407e-214 6.44360176721e-72 6.52513589952e-05 0.0331708061508 1.20688233293e-103 0.0442161437319 0.398185434953 4.60360490699e-17 0.0234380017589 1.6457776769e-40 6.79428220615e-175 3.94985721224e-319 0.0422104933545 0.0262693769937 6.73639673769e-24 0.0378445155609 0.00251816728427 1.51350415268e-07 5.88108918068e-94 7.72810289307e-11 1.20046529189e-76 8.62132378802e-15 0.00443935320833 0.0142881492428 1.27864674503e-52 3.71503924856e-124 2.50788218364e-73 0.00807448051474 0.0161307353094 
1.371008051e-05 0.042608212746 0.0 0.0 3.18091665543e-62 0.149516497484 0.0 0.0 1.31264056371e-23 5.49604687979e-69 0.0 0.0 1.18160332468e-159 0.0 1.43698629882e-29 1.96714672694e-47 0.0 0.0 0.0 0.0 3.41303139593e-307 0.0 0.0 1.62842028768e-49 0.0828095231158 0.0 0.0 0.0 0.112186806966 0.0735603195063 0.0 0.0 0.0 0.0 9.28143611553e-11 0.0484844702741 0.0 0.490820459735 0.0 1.12474780409e-113 0.0 0.0 1.06177912343e-192 0.0 5.51697537165e-22 
0.0 8.15197176282e-284 2.15094794797e-69 1.28079096839e-88 0.0 0.0 5.52546914221e-123 7.87757023544e-96 4.49855890708e-305 0.0 3.74477122669e-87 6.2131376255e-176 0.0 2.40551129012e-95 0.0 0.0 3.14409659092e-88 3.79331310948e-09 6.29702982142e-25 8.72906046014e-13 1.74298445966e-17 0.0769180222996 8.61307051801e-77 0.0 0.0 2.10328841099e-10 6.12705935345e-48 8.42248973769e-282 2.67297404465e-270 0.0 4.32413522736e-71 3.8817422762e-250 0.0230323091006 4.41932059586e-64 0.0 6.06040972562e-264 1.00522746762e-89 0.0 0.900049664595 0.0 2.85750678607e-115 6.33371591226e-75 1.18910805291e-180 6.91772357309e-174 0.0 
5.10028412793e-318 5.57448901425e-25 5.34075865478e-20 3.12403620787e-84 1.99011201876e-111 3.26230418664e-264 0.194640737286 3.58684444812e-09 2.70931580741e-89 1.13567880641e-117 0.130268909474 1.37831983939e-45 7.69323232406e-225 1.00587991331e-22 2.45025812313e-114 5.69176223123e-290 6.38636539131e-58 1.18743245614e-08 1.11924252733e-10 1.62953750177e-19 8.00000240825e-57 0.0568232080699 6.48556331017e-15 1.18236393438e-31 6.6926206251e-29 0.0186276399251 0.0277391531802 1.47530441557e-267 2.95969742158e-23 3.54011685086e-47 6.16720268341e-90 1.87851499496e-17 2.22943161346e-14 2.60828430972e-92 2.66088084879e-312 2.48491280622e-15 4.40659712963e-65 3.91179469818e-130 0.563698881562 0.0 8.61972331738e-38 6.94461576804e-46 0.00820145493008 7.74971764525e-229 2.26799366805e-86 
5.6219079448e-16 0.469713218777 2.45062780764e-133 0.0 0.0384442329648 2.62585310472e-13 4.01215692462e-287 1.04552832464e-82 1.51042911877e-26 0.0237882881708 0.0 0.00912395105883 0.167541164103 3.35288387568e-276 2.90495876253e-67 0.0139909432754 1.66504893241e-51 7.10790255122e-79 0.0674414905146 2.34691874246e-91 0.0182144141832 2.74345149497e-123 2.94756392385e-224 1.62815953427e-21 0.0772788123713 2.78029017462e-110 2.87417738626e-229 1.23303574948e-76 0.0177636686217 1.3288873556e-25 0.0 8.82610379225e-81 1.54780310415e-129 0.0 0.000165675645924 5.73981680606e-11 6.24286820528e-110 0.0416687390247 1.43664039246e-75 2.44704609556e-10 0.0 0.0 6.92274812212e-170 0.0 0.054865400987 
9.83941798206e-98 8.7102113796e-21 3.62059845049e-270 0.0 8.33020532382e-44 0.28250255851 3.52313368564e-278 7.64475122868e-168 6.29907425914e-34 5.20999742878e-34 0.0 6.08654201119e-303 4.48498864181e-29 6.98722974087e-291 1.17533262226e-30 6.49416647973e-24 4.99473507295e-269 1.87953409076e-88 8.17527735879e-47 1.27668939677e-70 1.55926803756e-159 1.78713152945e-193 0.0 2.93435047273e-11 0.350022863807 3.92454167856e-90 1.65007472312e-260 0.0 2.11768951523e-17 0.0933542899122 7.90820572893e-150 1.88135790913e-63 2.14445704377e-108 0.0 1.18234396888e-35 5.76290227224e-09 1.2048644099e-154 3.56310320008e-39 7.9144138885e-73 0.27412028194 0.0 9.44757724236e-310 1.08821518313e-75 2.0559715033e-70 3.85055851778e-11 
0.0 9.59598561164e-11 8.11485237031e-146 0.181111347022 4.80338699891e-19 2.19893446643e-35 0.0154718482371 1.22886526074e-41 1.32531439579e-21 9.46624309286e-20 9.15620959926e-249 0.0 2.1237328653e-38 4.44616728592e-60 2.02568114787e-19 0.00485969648889 0.0 0.0 2.01730534841e-301 0.00491242662156 6.57177006338e-33 1.31408178729e-28 0.436024229467 8.88058982612e-49 7.24413501979e-43 0.0 0.0 1.28121688007e-260 0.0114533531019 0.0431605915764 0.214273577869 0.0132763075156 1.88666515136e-150 0.0161946248123 1.5562939638e-45 0.0130297473918 2.87475926972e-74 2.32680555251e-06 6.90059304228e-156 8.59731573931e-76 5.32642241641e-59 7.28079275663e-115 2.49192653238e-101 0.0336840479452 0.0125458750497 
0.113626966894 2.33487541885e-16 1.07207412152e-240 0.0 1.28225209518e-59 8.68604903481e-277 0.0 1.69839935139e-50 1.17048706972e-35 2.20900386967e-13 0.0 0.0 0.345310568061 1.42522489575e-304 1.13940108607e-151 2.55783542243e-206 3.57317876031e-277 0.155067180348 0.0366115779971 4.51604169189e-265 0.0242253009931 0.016078444069 1.13832724802e-320 1.86444201853e-37 1.00341063366e-07 1.77996076616e-26 2.58489630899e-63 0.0 0.0508463053577 7.18292156011e-102 0.0 0.0 0.0 4.013156441e-175 1.91543826531e-55 0.00226700339707 5.51228707081e-268 2.44197445991e-65 2.55616208755e-12 0.00799205169992 0.0 0.0 1.23750766807e-251 0.0 0.247974500839 
2.64583611226e-237 9.63576358104e-49 0.0918018974205 3.37382633766e-27 5.67181892044e-161 7.78292477424e-174 1.31637379981e-66 0.0694877387739 8.68210453598e-80 1.429526444e-123 0.0445559377607 0.0296627034358 0.00472139669554 1.0897851797e-21 3.12245638578e-16 5.95422473106e-297 9.6494730866e-26 0.0447344926051 1.70558027216e-21 6.38479716866e-41 1.62575304157e-27 2.34772471298e-41 1.82107795325e-19 0.137381861062 0.400649570346 9.62400886049e-11 0.00105385322742 5.86170618944e-280 2.51123479619e-53 6.68997134326e-117 3.88187717956e-52 2.49080221608e-10 0.161412887545 0.0145370100207 4.19299159061e-299 9.84310354218e-55 2.3451549395e-15 2.4290201972e-125 6.50760981881e-07 0.0 9.9453301025e-20 5.55758872406e-69 5.12661195108e-116 2.70595378977e-33 1.41970536908e-172 
0.0 0.0 0.107847583821 5.61423005639e-36 0.0 5.57276678519e-135 2.44578280605e-30 9.35231934509e-87 0.0 0.0 0.0654686953097 5.75587291108e-76 0.0 1.43126800448e-45 2.66624934788e-134 9.65190574833e-106 0.215825696177 0.009688580414 8.83019689147e-40 3.81396347956e-23 0.103648070224 5.63735498526e-15 0.150991181282 1.30518531535e-81 0.0 1.10927404573e-19 3.11559993801e-17 0.010208227378 0.0 0.0 0.190718867021 5.81542688225e-35 0.0707306137204 0.0095997799462 3.46462401983e-184 0.0 8.85213794123e-59 0.0 1.79391721403e-39 6.37286342271e-229 2.23106519018e-35 0.0397949019788 0.0254778027276 8.43952515407e-89 0.0 
1.88304873462e-22 0.0994173926663 3.4810550382e-256 0.0 5.86708142445e-19 1.26060127465e-19 0.0 3.95751118254e-146 0.0632624876166 0.256178610273 0.0 3.84265676185e-158 1.05090001558e-19 0.0 1.4140010316e-06 2.23894019197e-26 3.37903640531e-112 0.00347077597711 1.07972910625e-14 1.55476646587e-304 3.51262655217e-90 1.4332454659e-119 3.63910411899e-308 2.08330876656e-20 0.0702479844192 1.26651048358e-14 6.28396861562e-75 3.85124963593e-101 4.33986425912e-34 0.0204579216661 1.83586303666e-273 1.92283589342e-297 0.0 0.0 0.42471019007 0.0456485663115 1.62389443707e-261 0.0166045858675 1.28974438657e-145 6.98423307936e-08 0.0 0.0 2.66421235961e-120 0.0 1.28911494452e-09 
1.31277228721e-308 5.76461537924e-206 1.19671611284e-40 4.22754097523e-42 0.0 8.97104698509e-234 0.0132508000687 5.37373742488e-58 1.34536753765e-272 6.16493635231e-301 0.0247503804847 5.90364541656e-54 9.119923725e-131 2.08205631115e-31 1.66462182263e-39 0.0 3.24627398109e-36 3.42107737086e-25 0.000219405301513 1.2462283588e-34 1.65337492937e-52 0.262548813236 9.10806983161e-73 1.36862017117e-35 1.89719784361e-23 3.726418059e-17 3.30907185565e-17 3.81361722292e-294 8.51720880037e-224 7.6881468528e-88 8.45280199029e-50 1.58914519516e-95 0.0375765126508 4.94436917394e-10 1.78808155744e-292 1.52628202883e-235 2.40913462793e-53 3.05001006788e-270 1.49652703914e-25 0.0 0.0461204373755 0.615533650388 3.57977612273e-55 1.52533573464e-160 1.96154926921e-311 
4.72944339482e-319 2.04843386666e-09 2.08765454893e-160 2.59391761062e-22 1.97592721676e-29 2.0428626323e-30 0.00742944230585 2.47996737125e-69 5.13628588134e-17 0.105195615948 5.78011310328e-226 1.33941594763e-227 7.67390737235e-159 8.46414390778e-90 5.14457831853e-19 1.45933916394e-85 2.46333621588e-278 5.22990972907e-147 7.87200781285e-32 3.17101015058e-86 1.52913107002e-108 2.12718636475e-39 2.14994671543e-07 0.12560609054 7.97089172659e-33 1.56756876124e-157 3.90107783764e-273 0.0 0.246357328061 2.80288126361e-08 8.33236129773e-47 6.46041336541e-20 3.97743389128e-300 1.02421854554e-118 3.20796139941e-149 1.47207702636e-08 7.38411601257e-76 8.46394510882e-28 7.14638580211e-119 0.216500167534 7.44889381362e-33 1.24325748669e-76 1.03399028678e-71 1.84711613013e-55 0.298911095819 
1.85402203949e-305 9.4560246584e-20 1.24949614595e-73 3.71520287299e-91 6.26446442723e-22 0.0 0.0137853507006 6.87223661257e-24 9.06097223201e-25 0.129507801976 3.18018630633e-107 0.0229172540264 2.04309017129e-308 0.0636455931801 2.00961429278e-81 0.0 4.99667638218e-50 2.77739699467e-28 1.20747282481e-29 8.23989348704e-137 3.12663969683e-131 2.47855576827e-35 0.067312172339 1.18492721571e-32 0.136746370773 0.052305410724 5.51160625873e-28 7.72285177737e-275 0.283092151439 1.85769666141e-09 7.22717638082e-72 0.0784026382088 0.00124478410289 6.30749575657e-34 0.0 3.77787418837e-34 4.18400669324e-06 3.42259552906e-14 1.18532010639e-43 0.0 2.41074550408e-61 8.75815572358e-15 1.71667270419e-87 0.0 0.151036286666 
0.0 1.90918482287e-28 2.67385143446e-260 0.206265896643 3.00554228932e-39 0.101538748583 0.0 2.76053837055e-309 6.93714361021e-51 7.40026150904e-39 0.0 0.0 0.0 6.47340821814e-240 2.36488560917e-91 6.08838370287e-81 0.0 0.0 0.0 0.0 0.0 0.0 5.50150451098e-215 1.23040382859e-60 0.115379493996 0.0 0.0 0.0 0.0741905236481 4.18903872404e-60 4.21988113888e-183 5.71382447325e-226 0.0 0.0 1.47113703231e-119 1.17142323218e-47 1.39945078023e-153 3.13937257503e-21 0.0 4.71020697671e-75 0.0 0.21158186433 0.112668145082 0.0 0.178375327718 
2.43616536164e-70 3.13955470674e-10 8.88396923564e-167 0.0 1.40894640517e-49 6.46048692746e-19 0.0 2.65171797538e-138 1.8485651754e-11 0.236894655703 0.0 2.07031416918e-184 0.0439422680451 0.0 7.14445998617e-83 4.26863735109e-76 2.64100805456e-225 2.1689057742e-56 2.81595380903e-69 4.26496016235e-60 0.156894165288 2.21652403032e-154 1.56821947093e-308 4.67290629377e-12 0.125636305879 3.2206730889e-102 3.47021876863e-263 1.31436933982e-306 0.0425660926918 0.0590149445267 0.0 1.0411854978e-57 0.0 0.0 1.57864303665e-16 0.0615764377855 4.89688589453e-264 9.09015243144e-43 3.4554901212e-155 0.152548268877 0.0 0.0 2.10297370769e-131 1.72805351965e-85 0.120926860866 
2.13071294278e-41 1.17321632413e-65 5.95263087849e-113 1.08739402682e-296 3.96480146385e-76 6.41275530656e-73 1.6664490862e-220 9.73302872804e-100 1.19418851008e-31 2.57463528385e-30 2.17378639789e-283 4.29365215225e-235 2.07310467822e-225 7.15903134637e-201 1.67525946019e-157 4.96620314499e-214 1.27391678988e-182 0.213663235677 0.700972907619 0.0608473905614 6.9756131825e-66 1.10115028179e-143 2.36847146785e-179 4.11500537275e-103 1.20281763695e-85 2.76635013952e-25 3.97894838704e-137 4.74927273466e-306 6.59300857233e-49 3.83545703485e-121 1.12520689309e-250 0.0245164661429 1.50860225184e-170 3.69603833895e-237 7.30381993971e-39 5.78926323836e-49 3.31002360205e-192 2.04563840585e-42 5.32219446799e-107 4.70390751713e-16 3.93741899529e-218 0.0 8.67274874959e-265 3.67540343262e-217 1.41441906538e-51 
1.0 2.01641469685e-64 3.64178192876e-258 2.25684541362e-267 7.32954018165e-56 3.90429165634e-85 0.0 8.8217742727e-180 5.98883536455e-61 2.52412695542e-73 0.0 4.0569531502e-87 5.8995703912e-81 0.0 2.49487364594e-117 2.23850728566e-71 1.42807470469e-132 5.37391550997e-185 8.09339720014e-86 0.0 6.02203341936e-44 6.49760562594e-18 3.5792673423e-177 9.62480777676e-113 5.77905325367e-47 1.08932484954e-174 1.63847744286e-293 6.08200825762e-148 2.26847878422e-89 3.20919835691e-82 5.03263645231e-114 0.0 0.0 0.0 2.22485717494e-49 1.1632185458e-36 2.7120206015e-247 1.76332455214e-32 1.16145353987e-280 1.61845704475e-108 0.0 0.0 1.7012232469e-237 0.0 6.53502156801e-63 
7.14229915977e-299 0.0 9.04913803869e-45 1.61678191273e-80 0.0 0.0 0.099769499053 8.98802798023e-19 0.0 0.0 2.87501902409e-117 0.0174045341737 2.714744615e-82 0.255087845263 5.73348205784e-187 0.0 0.0109433108836 1.42152101877e-06 0.0495823415543 1.79008793095e-05 0.0174584963613 1.57878945252e-38 2.56831727745e-64 2.09746976884e-155 1.25886664642e-131 0.101043886285 0.190313217975 3.01155405788e-274 0.0 1.14916667438e-187 2.42353096696e-131 2.86254406564e-35 0.0663581493489 4.08762985055e-159 4.20291184124e-225 0.0 3.00347843039e-62 0.0 0.192019380809 0.0 1.12752898562e-50 1.58928439317e-08 6.94709711171e-41 4.64782032794e-130 0.0 
# The emissions
1.83015244536e-23 0.0 7.12113642224e-108 0.0 1.33359853038e-172 0.0 0.0 5.23965568473e-110 8.82942420805e-93 0.0 0.0 6.24206253285e-10 0.0 0.0 1.59993363955e-197 0.0 0.0 0.00389241161544 0.0 0.0 0.99610758776 0.0 0.0 0.0 0.0 0.0 
0.246450239642 0.0 0.0 0.0 0.00879178967434 0.0 0.0 0.0 2.12992794327e-21 0.0 0.0 0.0 0.0 0.0 0.738742601665 0.0 0.0 2.25504907888e-198 8.04227112249e-116 0.0 0.00601536901932 6.9483982417e-28 0.0 0.0 0.0 0.0 
4.99406232724e-182 2.63015985667e-19 4.24331638477e-36 2.04278270478e-36 3.04772885662e-153 6.22819912302e-141 3.56719001765e-16 1.18307736862e-178 0.0 0.382047173964 1.29011736989e-89 0.0311600392734 1.26607461443e-06 3.15942317822e-07 3.78257588783e-107 0.0581412069179 0.0 1.92406343013e-18 3.3032673157e-25 0.220140453679 0.0 0.179794716265 1.32223142902e-165 0.00655129932484 0.110345343082 0.0118181854775 
3.08779316303e-152 5.1181075161e-15 2.69237360912e-12 0.024791542132 3.43326947419e-86 5.46199914501e-27 0.0648987773711 3.41250269707e-68 8.80569384504e-105 9.52803081149e-79 8.44629521536e-242 1.33695823148e-49 1.76026513096e-06 1.74585783198e-54 1.0791248511e-47 0.695510581046 0.0 1.33871990449e-104 3.10751235546e-21 0.214796997172 0.0 2.94423156406e-41 0.0 0.0 3.42011478871e-07 9.12320389951e-132 
1.0 3.23672162954e-239 8.25004844029e-116 5.75325157354e-175 4.52756283502e-50 2.66410270462e-203 3.15023527875e-214 0.0 5.03094110065e-60 3.13703523082e-145 2.86754170067e-20 6.31913366574e-156 2.64415686531e-155 0.0 1.78394784051e-28 1.02897917976e-218 0.0 0.0 2.02033907104e-89 3.49315806981e-141 1.52310908253e-48 3.88167335883e-211 0.0 0.0 9.37161750552e-153 0.0 
3.32509873864e-38 0.0 2.54242206194e-267 2.46476617385e-267 1.65611780436e-07 2.98426021098e-22 1.12025745134e-265 0.0 0.999999834388 4.58341163122e-280 1.87272353919e-152 3.39194178357e-209 5.3206689374e-255 2.22089171842e-92 2.43865822743e-21 1.36890893643e-229 0.0 2.31755510981e-153 2.93977148369e-104 6.62472510227e-290 1.49937406194e-58 5.11483020929e-221 0.0 0.0 0.0 0.0 
8.53516080856e-123 3.08696495997e-85 1.03923489611e-31 0.027705132721 1.16282018265e-142 9.20698964118e-114 0.0592359049786 9.25049090534e-257 2.84407383778e-110 2.87698551112e-59 1.64485194652e-69 2.3527602334e-17 0.862026071175 1.74586058313e-14 7.91021563855e-100 3.79409457935e-13 0.0 6.64240991702e-18 0.0510328435465 3.32276447745e-13 0.0 3.0096111272e-40 0.0 5.21076881016e-96 7.59440149071e-88 4.75786367678e-08 
1.02849801928e-245 0.0124960752764 8.9529754197e-81 0.48009797359 9.87522976327e-265 1.99177028579e-32 7.70809929401e-42 1.70527998038e-48 0.0 9.5058312077e-07 0.0 0.0394516833282 0.0195377260027 0.128165732783 0.0152749147647 1.35046732907e-26 0.0 0.236758309857 3.99455383226e-12 3.56713999758e-08 0.0 0.0682165981398 0.0 0.0 2.92117822455e-60 3.50876601958e-273 
0.375838526383 0.0 0.0 0.0 0.000647880939701 0.0 0.0 0.0 1.14100525434e-41 0.0 8.66218413552e-210 0.0 0.0 0.0 0.623513592677 0.0 0.0 1.59861433817e-166 0.0 6.56655737297e-167 1.5192252892e-24 8.83454714447e-133 0.0 0.0 1.47648412056e-300 0.0 
0.999999999999 1.84141716188e-304 1.50411086942e-276 3.34404582286e-250 2.80917871243e-13 9.61210260312e-251 0.0 9.55428385273e-282 1.06439717851e-12 0.0 6.91763257957e-235 1.97211667436e-282 0.0 0.0 1.83454918041e-17 0.0 0.0 6.62642099984e-71 2.10949737014e-190 0.0 6.90911295533e-56 3.933800818e-244 0.0 0.0 0.0 2.02620397551e-296 
6.5412020183e-112 0.0 0.984971711944 3.28263602935e-251 6.83246602226e-69 0.0 0.0 1.10990216258e-151 0.0 0.0 3.34090946631e-71 3.27678603078e-162 0.0 4.85115513038e-121 7.96572680631e-05 5.88727198156e-60 0.0 5.54864624177e-131 1.45369834292e-40 0.0 0.0149486307875 0.0 2.94401837745e-122 0.0 1.53240140108e-75 1.63439173851e-111 
6.00867238928e-103 0.0787811533397 1.50427843825e-52 2.02553930174e-98 4.7650471884e-127 0.00505189133709 1.08371553315e-110 1.611062251e-137 0.0149524046887 1.09821408629e-153 0.0 0.901214550635 1.96542751329e-144 5.25428529006e-98 2.19187678464e-83 1.77971696224e-83 0.0 3.53793359496e-38 8.20661534904e-57 5.3270396615e-78 0.0 3.87589981317e-104 0.0 1.89101388916e-58 1.16482326424e-115 1.66875502265e-125 
4.04062514e-28 3.43565776332e-235 5.58659343766e-274 3.46963093176e-278 1.24079869359e-41 0.0 1.00601962675e-260 3.43177997601e-320 3.41299513471e-49 0.0 9.29996819502e-296 4.77106331895e-190 2.52845285846e-257 6.914814084e-303 3.21873458249e-21 5.43472210425e-323 0.0 1.2532395716e-180 5.64154776919e-122 2.18778638944e-207 1.0 6.74821705896e-78 0.0 0.0 1.60746256544e-268 0.0 
2.53395563585e-132 2.30554737628e-70 0.0114637331197 0.590846389888 1.42863943368e-175 8.4815042931e-221 0.0810402303206 8.00693441287e-224 2.27445419299e-141 3.22316436264e-70 2.06575037039e-55 2.363012191e-10 1.80576374414e-10 0.143796970171 3.98821659161e-121 0.00635843875537 0.0 2.17182232052e-22 0.0743741802483 0.0327330393144 0.0 0.000782725122214 3.21504831305e-287 4.50758847064e-261 7.39435898556e-57 0.0586042926442 
4.44116337291e-19 2.89994611558e-295 0.0 0.0 0.822599713913 3.33625342952e-313 0.0 1.21077143919e-286 0.177400286087 0.0 1.43177314245e-164 1.8681494328e-307 0.0 0.0 1.78045362849e-20 0.0 0.0 2.51891260974e-99 5.71842153577e-270 0.0 4.03438690884e-45 0.0 0.0 0.0 0.0 0.0 
4.10812018128e-07 1.50112459242e-318 1.41893009149e-269 3.48999717376e-297 6.30080723005e-24 0.0 0.0 0.0 0.987580950727 0.0 0.0124186384613 0.0 2.02402933027e-204 0.0 2.38119413291e-28 0.0 0.0 2.32956393521e-268 1.33755136911e-113 1.9214894076e-283 1.99045205813e-24 0.0 0.0 0.0 1.05087629269e-195 0.0 
7.83613805718e-318 8.26063906111e-78 6.03014445008e-87 2.70996520572e-103 1.67680456449e-115 1.77628926152e-179 4.57322721882e-245 2.12925317845e-69 5.16898665482e-108 5.79132789488e-204 0.00806342892612 0.640992362499 4.47155395105e-142 2.82481969166e-08 0.0 1.89191704549e-221 0.0 0.350944180326 4.02085125342e-32 1.17818595819e-80 5.29469569849e-185 1.59078320419e-204 7.04226631638e-124 1.71192006505e-66 5.16123109072e-40 2.30157479453e-67 
8.00539960888e-116 1.33671333796e-223 1.03789879445e-93 9.63318997332e-102 4.26674238367e-86 0.0 6.60527857312e-117 2.01427442004e-154 1.41301841318e-98 1.87578769012e-209 1.4664665651e-209 1.02879763507e-52 1.82192321823e-132 4.6628111604e-57 1.99038164812e-73 9.63627086003e-40 0.0 1.0 5.97514477488e-15 6.90631670034e-73 7.12523583088e-73 7.85868735681e-60 0.0 0.0 1.80820175419e-55 1.11342443626e-91 
2.70514565642e-144 2.9606766431e-234 1.59992874051e-217 5.11659973762e-168 1.49681890545e-164 0.0 4.22561876835e-212 1.28299688248e-316 1.11539493126e-87 0.00408543193213 1.19387212903e-264 0.0669068315537 3.16554398827e-186 1.59820759891e-120 1.27208119403e-164 2.38682635078e-227 0.0 0.925522162057 3.04896106016e-105 2.62716682835e-174 1.29570234148e-121 0.00348557445712 0.0 4.59981186269e-142 4.31392279413e-289 4.53774479793e-200 
7.28709690554e-170 7.33801601904e-29 4.35339668563e-47 1.35907833218e-22 1.31029705939e-148 1.80572521655e-16 2.80510501968e-50 4.41233106024e-57 6.08759250531e-289 0.0240459355199 4.60034721789e-63 3.34994426464e-06 0.133062996422 0.00411910504995 4.44729166648e-38 2.09743216508e-37 0.0 2.14756319183e-26 0.838768613064 3.38338656188e-22 3.57691897999e-226 5.17022026475e-20 0.0 3.9362230489e-155 4.20415524155e-36 4.07073165522e-73 
3.08706113554e-133 8.04274713571e-105 4.42726993152e-62 1.25610484239e-82 1.01022505859e-17 5.31520051845e-147 4.75999878085e-104 3.5766676201e-207 6.94148509366e-79 3.45649285399e-47 1.46216585902e-135 0.949051197676 7.58648514607e-98 1.58407439737e-76 1.19401398782e-107 9.20607741367e-80 0.0 9.05482540838e-65 3.62222533902e-60 7.40940134315e-42 6.444273698e-123 0.0509488023242 8.13349558185e-201 4.92767103839e-289 7.13226303019e-109 1.67261199024e-83 
4.59385416425e-153 5.83550155464e-22 0.752302474466 1.09862097409e-50 4.43640278573e-164 1.11287417297e-34 3.55639224802e-28 7.08997721901e-241 0.0 3.41234736563e-76 5.84679233425e-154 0.0337811080038 1.32427047924e-27 0.0431631691776 5.8072957411e-99 3.4512217259e-79 0.0 0.15726827702 0.0134659293688 1.90419640155e-05 0.0 1.96148012821e-30 1.0990163014e-89 9.48872807632e-15 8.5034667177e-57 8.1659330964e-65 
3.50710485852e-67 1.00198199676e-169 8.20599249879e-29 7.95645248156e-13 7.48352112091e-39 1.44134633184e-26 5.06900134116e-29 3.28210617124e-202 6.89917362712e-100 1.3891899403e-123 0.00362106434471 2.90759806492e-66 1.86591134447e-17 1.75235345433e-80 6.50685051923e-79 0.00945060620952 0.0 1.34218503508e-66 1.61414781332e-51 0.986928329445 3.99610832702e-256 5.7272157575e-116 7.46398593652e-246 8.50111041729e-245 1.85374476659e-135 1.37219124682e-55 
4.36077801394e-29 3.53097316313e-290 9.98707579683e-260 0.0 0.993879478735 1.56676699954e-254 0.0 0.0 1.00419083636e-17 0.0 1.52809444317e-142 6.53218897185e-250 0.0 0.0 0.00612047426301 0.0 0.0 6.88035032231e-273 2.13366990822e-124 1.24680479217e-221 4.70019783163e-08 0.0 0.0 0.0 1.5691630901e-178 4.55683935043e-292 
6.24897328637e-17 0.0 0.0 0.0 0.999999999988 2.59173778916e-70 1.70208579406e-196 0.0 3.47872301316e-48 0.0 9.09802699656e-284 1.61943012895e-271 0.0 2.7250092728e-300 1.21920065834e-11 5.23415085468e-268 0.0 2.48461691524e-171 2.83610784501e-120 0.0 5.95549271258e-54 4.0103738372e-122 0.0 0.0 2.14560691973e-257 2.91815012305e-251 
8.77786490934e-149 0.0208915866892 3.99592559674e-168 0.00685115955089 1.11373507195e-202 3.32648005342e-122 6.29597129071e-78 2.20867609162e-282 0.0 3.33069022594e-77 0.0 1.44205787728e-26 1.36283781312e-109 4.60823129225e-14 4.99284653814e-69 3.11649063703e-134 0.0 0.961764646413 4.68596000317e-32 7.88999742904e-41 6.19995533152e-237 1.2514936177e-25 0.0 4.07664766902e-118 9.90376771889e-105 0.0104926073472 
1.0780630852e-207 2.56509097992e-166 1.75006598086e-41 7.0818851314e-79 3.20235913728e-138 3.36885542308e-290 8.38724578675e-173 4.06366975934e-267 0.0 3.11104458235e-262 0.0 0.00983385204289 1.56174854417e-134 0.692830382467 3.68757165383e-156 0.00423557854627 0.0 0.293100186944 2.62886825124e-18 3.19484667914e-134 2.40556183481e-173 1.81474940091e-197 2.68857981876e-166 5.4571437504e-118 7.66894037257e-122 1.04061424561e-62 
3.65092335665e-169 2.0946576293e-76 1.07858955515e-15 6.19390801081e-77 2.03532348378e-218 1.22518420664e-83 9.20993095462e-91 0.948737969979 1.44433780361e-183 9.43343419273e-186 7.90068899269e-314 0.0327153115385 4.19322394497e-61 4.26287284354e-31 3.69669595202e-137 1.98035452509e-42 0.0 7.59746965584e-86 2.42133424354e-35 7.07951793541e-15 0.0 0.00521905608159 0.0 3.86917417508e-240 3.84782660247e-28 0.013327662401 
0.000762344069099 0.0 0.0 0.0 0.0288013262102 0.0 0.0 0.0 2.38525370837e-56 0.0 5.78786796102e-250 0.0 0.0 0.0 0.970436329721 3.20323674585e-275 0.0 1.53821370049e-274 7.82165343381e-52 0.0 7.60715601048e-78 0.0 0.0 0.0 0.0 0.0 
0.141836194252 0.0 0.0 0.0 0.858163805744 2.47777099952e-114 0.0 0.0 2.43696793739e-24 0.0 6.80453268157e-166 0.0 0.0 0.0 3.55168343509e-12 0.0 0.0 1.35173525889e-309 8.15925254664e-136 0.0 9.9716693073e-32 3.83780096265e-182 0.0 0.0 0.0 0.0 
7.84880207163e-122 2.66055548748e-37 0.737234471006 0.0160313449981 1.18289696146e-52 0.0554277885841 7.16310899323e-11 1.36302587771e-70 2.25834483856e-240 1.40444049664e-76 2.75357126512e-106 4.18511902361e-10 1.49351871731e-16 2.1185779285e-51 2.7439093619e-122 0.0134577110126 0.0 1.98978831895e-142 3.54337064468e-31 0.153829260564 0.0 1.82642278407e-67 6.15631074992e-207 0.0 0.0240194233454 1.86112934584e-29 
3.35125008689e-139 5.77705788682e-12 8.90776282672e-33 0.383321013443 1.01605739001e-195 0.159785015089 1.09555279655e-50 2.86439804391e-73 1.23514270861e-223 2.80514030924e-81 9.753671759e-41 2.25271406104e-50 0.0015252225632 2.48999923791e-17 5.24045120003e-82 0.0158831892851 0.0 1.19048958348e-32 8.01151282342e-24 0.0252249637608 0.0 0.40159624666 0.0 0.0126643491937 1.57454835573e-24 8.00637691491e-129 
7.98895315989e-196 6.90788210831e-243 3.12044654473e-75 4.2285687196e-169 1.63525275871e-104 2.78761981739e-104 2.29430299173e-268 2.90589116037e-60 0.0 5.04688414686e-258 4.22684390899e-190 3.11321693091e-12 9.37086100556e-117 0.231538393102 1.92780860265e-94 5.54302005882e-235 0.0 7.25983652748e-57 0.730987187227 5.81691668393e-230 0.0 3.80607577603e-221 1.17077780764e-241 0.024660837815 8.91393822877e-134 0.0128135818529 
1.31203695567e-97 1.69490760754e-113 4.66714115007e-24 9.52410629334e-74 1.25683098785e-90 7.45300451879e-123 0.944444805561 1.08508549575e-229 8.40450233001e-207 8.13795030347e-92 3.54956522687e-182 8.77302071277e-74 7.10239461308e-44 0.0306546168097 9.90670224598e-53 1.22044151207e-29 1.9956946158e-208 9.02956955467e-68 3.20606471726e-59 5.72732096366e-34 0.0 2.00446831618e-62 0.0 7.00385039182e-117 1.33288787445e-18 0.0249005776294 
5.3721701865e-28 0.0 0.0 0.0 3.75774348516e-53 3.1233056587e-300 0.0 1.53606957824e-232 0.508782063047 0.0 0.0 4.82893210721e-291 0.0 0.0 1.11227681404e-64 0.0 0.0 2.80861061418e-52 0.0 0.0 0.491217936953 3.75923317583e-155 0.0 0.0 0.0 0.0 
1.30097438575e-13 4.80182490667e-296 3.03374738083e-235 0.0 1.67390469843e-40 1.187416205e-237 1.14716698343e-291 0.0 5.58675551564e-39 0.0 1.75944029047e-221 1.04547183189e-273 0.0 2.81261451852e-303 1.0 0.0 0.0 8.66374683869e-107 8.56485614136e-186 2.53764403184e-298 2.90798637435e-45 1.36366529962e-228 0.0 0.0 1.50466163611e-257 5.44672295879e-318 
1.47074133461e-171 0.13957677392 0.0724681857244 0.00289821102536 3.85695770092e-188 0.0209739826887 0.000289368588977 1.33199659565e-15 0.0 0.0354738946263 0.0 0.011964328835 0.325288555789 0.0977860683144 7.50691867708e-96 1.38247266767e-06 1.43116126501e-246 1.52323132821e-29 0.12291155233 0.0224917965448 0.0 0.147865854286 0.0 0.0 1.004485524e-05 3.92334939111e-56 
0.838779289413 0.0 0.0 0.0 0.00846938912409 0.0 0.0 0.0 2.27197788298e-22 0.0 0.0 0.0 0.0 0.0 0.0341516254848 0.0 0.0 1.5782494054e-188 1.28446015659e-232 0.0 0.118599695978 4.12230797811e-186 0.0 0.0 0.0 0.0 
7.30059453807e-237 8.186834061e-90 1.0639394166e-36 4.5612801401e-66 5.1782206682e-215 2.30012127653e-243 2.2404350565e-34 3.36343402859e-309 0.0 5.4277024769e-79 1.29866894886e-281 5.40132523279e-24 2.64827502188e-51 0.0918748799888 9.66163987277e-177 3.04268485567e-34 0.0 0.174692070936 0.727319426929 2.02555259107e-49 0.0 2.22757620225e-76 0.00275225382936 8.19406057742e-80 0.00336136831694 1.33617013555e-17 
2.62081916795e-59 0.0 3.33604512599e-178 1.54484388696e-193 4.45435046958e-33 0.00581266629873 2.82039172214e-191 1.15351470314e-148 0.994187333701 5.63992831308e-284 5.28880225768e-164 8.42305222867e-153 7.4203637047e-170 4.72363982138e-313 2.96909802805e-45 1.6431861596e-275 0.0 1.59208805546e-115 8.11109933434e-108 1.14386801634e-133 2.0701173509e-102 1.04571708538e-191 0.0 0.0 0.0 1.96015088106e-269 
9.37263131448e-301 1.09244337112e-77 7.70818297051e-30 2.08554336986e-61 4.57990681696e-110 3.06669542902e-293 1.52358337352e-79 2.8911558313e-154 0.0 6.54155373211e-170 0.0 1.25813465873e-48 1.0 5.92305064855e-15 6.38883953514e-196 4.9323734901e-24 0.0 9.59064836509e-64 4.6639485463e-27 2.158565204e-80 0.0 4.59584559319e-76 7.24251961184e-76 3.52669415499e-26 1.0394938004e-63 3.82220413363e-64 
1.85527275496e-218 0.617933826893 8.20996962955e-34 6.57800283246e-99 5.54949379351e-97 2.2312373613e-127 0.0743920610847 1.68340415715e-143 1.59860779925e-171 4.15609657681e-95 1.7402798766e-70 4.19770610113e-46 1.19627018202e-43 1.06433009158e-31 6.62876351469e-165 0.133067001313 0.0 7.17653435991e-41 0.0177006951088 1.52296583059e-26 0.0 8.63471664876e-100 1.17477947878e-73 1.06393256673e-58 0.134808473795 0.0220979418064 
2.33742038151e-124 0.69837323819 1.81929637153e-249 0.0739362865173 0.19864422102 0.0 1.24958635889e-34 1.73636674201e-131 0.0273528745433 0.0 1.20313681474e-30 1.37775365177e-81 0.0 3.52804385816e-210 1.62675510801e-63 1.51923804988e-56 0.0 0.00169337973018 9.85369199306e-129 6.7576214999e-65 4.40996720507e-186 0.0 0.0 0.0 9.43046738534e-119 3.82069990055e-121 
2.41698889592e-182 0.0265734269821 0.18700975237 8.94827457914e-111 1.27833311011e-197 0.156946915592 2.01440656434e-54 0.0463431951792 5.1798285575e-268 0.0295922319518 2.38286835668e-219 1.57124387491e-34 3.28087593877e-37 2.12107758008e-20 2.71632456469e-172 6.39561030104e-10 0.541545101149 0.011989376136 4.93490130892e-83 3.61214516134e-201 0.0 6.86500519633e-43 0.0 0.0 2.01825811658e-129 9.86682698839e-288 
0.999999999994 0.0 0.0 3.63762207297e-302 5.51596818627e-12 0.0 0.0 0.0 4.31540638737e-26 0.0 1.59682495803e-270 0.0 0.0 0.0 3.86480710886e-13 1.57786454697e-285 0.0 8.37428399807e-275 2.39155289568e-80 0.0 1.35604045263e-56 1.2082222678e-200 0.0 0.0 0.0 0.0 