# Meilleur HMM obtenu pour décrire l'allemand
# The number of letters
26
# The number of states 
45
# The initial transitions 
1.6136621330677397e-31
3.1942083845772273e-214
1.7903510706170976e-06
0.002418401546091504
4.082471177212797e-39
0.0833835380846931
6.080387043829154e-59
0.12555738625677976
1.9538958634670627e-11
3.024998417916718e-42
2.2573437861174863e-78
0.005537570538223721
0.14180260595765912
8.939619214697268e-103
0.07175933736286318
0.011573886944343076
0.01657500142737237
2.481270729219477e-17
9.13171735364229e-24
8.095785019034746e-284
0.08389173152835608
1.5900511684648783e-41
0.10525784780585663
0.011439884953982061
0.005281448783212624
1.0065926944627241e-07
0.11338787654346248
5.562777680200673e-79
2.3917033524143416e-51
3.0488885946521894e-27
7.66495461666811e-51
0.039294587251878066
0.0
9.561600037172615e-40
0.04583231774498334
0.030122731279615834
1.9364512942278796e-58
0.028541701328325675
0.0035141731417875533
5.587585740418791e-96
1.2572737890156297e-180
0.014341214494958327
2.8499415615383946e-183
0.06048486599567666
8.303882551508084e-74
# The internal transitions
1.4273059827542814e-287 0.0 0.0801942579568412 1.5073007715966742e-124 0.0 0.0 0.0 1.690655199712448e-153 0.0 5.378877254835292e-69 2.2749091248264065e-287 0.466142889095692 3.0115686350872146e-290 1.3361900694406546e-222 0.011854359645431122 0.0 0.014277508888641361 6.338239849823963e-12 1.1368671475331035e-210 5.329843959833934e-142 7.547934391765467e-301 1.825540918858916e-265 0.01045138119456415 0.020564234026195293 2.5014501948905792e-266 3.700824577404259e-09 2.6349618984087722e-126 3.2610823953434844e-36 4.890086996216162e-264 6.594837396687832e-239 1.2363408419445937e-45 0.30529121935011444 0.0 5.549419196180674e-32 7.740263232777757e-65 2.469249546116263e-16 0.0 1.0900095205269747e-255 0.09122414613535737 3.7952454232916398e-53 0.0 8.31924825471547e-93 5.09946507840417e-249 4.737482760488782e-37 6.174133631634688e-160 
2.42688415716207e-28 2.3082939566284432e-117 3.653808899895117e-52 0.04176137712135167 1.1292338509589917e-103 4.866092992864855e-39 0.03512679887731772 1.9680926189033428e-53 2.021552851934594e-71 1.317367070921607e-89 0.2328932514433698 1.6661347666543599e-56 9.905578119393514e-57 4.324158388486093e-95 0.037162222089399226 0.07838798359082427 1.0602899672901008e-70 0.00810298863032901 0.20407124076600278 6.390746811191122e-38 2.6225384415072676e-37 4.529108934679771e-21 0.08703548336343801 3.0487472985669233e-58 0.16473883957598665 6.917097550115032e-10 0.03527702087947797 9.805137463593705e-109 9.958169017395301e-18 3.736547862127879e-23 1.944058462801376e-48 3.2171535759872894e-42 2.316960884605425e-105 1.1437063695104092e-13 0.012429604530247908 1.2517787252641388e-119 0.00034774975856527153 0.009377013894685567 4.5818285651061584e-32 0.0011976840102872245 8.149331502901902e-81 1.6860651291934277e-07 2.1408539997188456e-238 0.04827072382297732 0.0038198483474026395 
8.47354824500121e-38 0.21750094188694233 8.97047842493942e-139 3.9456605764615435e-50 0.014390083293812934 2.373976401240318e-59 1.4718222195761994e-26 6.7710459171072835e-56 4.2709088020380355e-21 8.118500468693325e-166 3.3710273742900877e-10 1.1129006932358228e-87 9.576085536832217e-80 5.025329241587593e-09 2.5572517711270674e-09 0.0081575046038978 2.332234746082043e-263 1.4479571022965597e-282 3.545136689201269e-42 3.3849650589786705e-67 9.858806889878442e-79 1.2099691722909985e-55 8.708668625945562e-38 5.269169405118896e-25 3.6446771182419026e-40 1.379393865407861e-267 8.375740868353269e-55 9.361862342198878e-76 7.366935670145932e-25 2.758690880474201e-12 9.827333778425744e-234 5.701008294427016e-199 0.7329253142301146 3.11362210796771e-254 2.2000911431857275e-189 3.5459313766219406e-43 2.2668495175561113e-75 8.269715191186108e-194 3.7082764922574446e-225 0.027026148062789763 1.988297270855623e-66 4.824885791733914e-50 7.025863259978819e-78 1.3760013918879996e-251 2.643590882767187e-301 
0.0 1.8750733458165447e-244 3.5866597606e-314 0.0 0.980780967758343 6.1658222586076685e-207 8.23007639042727e-201 6.043723109242999e-287 4.848054971482965e-274 0.0 1.85399e-318 8.680622380469796e-242 2.6224571690314305e-107 7.0954808452704e-311 6.428149505047822e-120 0.019219032241657 3.032099317458031e-230 1.0455887516650425e-248 5.027349568993886e-184 2.095215139820657e-219 1.4301619536921251e-213 1.57545504714e-312 2.0774905162385697e-181 3.853389824882424e-244 9.379809286638328e-116 0.0 3.3705939121015295e-91 0.0 7.95027461445113e-242 1.893645515646634e-307 3.825052163181785e-271 7.74711347668788e-249 0.0 0.0 0.0 0.0 2.1321170314663315e-77 0.0 3.8269771423843525e-252 3.44817209656061e-269 0.0 1.057667669644884e-208 4.040641589941314e-31 0.0 0.0 
2.886166204554307e-10 1.7572000594250787e-215 0.014903604138726417 0.0 0.0 3.1695151538882817e-55 1.5405923148992417e-24 5.035115400133484e-98 0.034061684681797266 3.064531327188449e-98 0.21718174675213972 0.012512545157534824 0.03508923629908323 2.6275212720034473e-160 0.009722327470078413 0.0 0.08634756529682609 0.24492640356668818 3.0237622264137028e-130 0.010772457966193827 0.012160959656880148 0.011483018179497912 0.006786149167043279 0.016082199753213962 8.08695343750269e-59 0.022927587299686965 0.036502354910320424 1.162627497423787e-92 0.043634909767585515 5.049856122774467e-206 2.884707440573495e-16 0.0821944355540987 0.0 0.00820960856645213 0.08190799779231064 8.470023344816999e-57 1.292680575776572e-29 9.438856559190026e-05 2.274791013789394e-52 5.314013857208722e-106 5.488117115966385e-164 0.012498819169633678 0.0 5.536379822233839e-31 1.2026581239192085e-140 
8.204078478880278e-126 1.2920501867887342e-151 1.859235568741572e-87 5.108049333275649e-162 8.013793025372422e-178 3.2430919977007226e-251 2.915859959043274e-183 1.570237608070664e-309 2.067578651005807e-289 6.515544895577439e-110 2.814280503493542e-163 7.482718932518513e-63 5.114142414919042e-226 3.283044693153858e-171 4.547022689921592e-282 6.813178263991975e-237 8.354045860237643e-58 5.8962075266357065e-80 1.6520278496612962e-287 5.143362542874796e-291 3.04070120101806e-110 4.316479764648153e-217 7.882669847677701e-119 3.027381161387289e-113 2.5127061999606732e-286 6.09105248890132e-60 4.6991000101526215e-135 0.027305085222128003 3.600438679144797e-228 2.5413279571200906e-203 0.9015752438442716 5.91479501570431e-12 9.253995884184504e-294 7.096554714080639e-92 4.3750820304074325e-103 1.6630528036031959e-37 1.1119476690750226e-131 2.7905265010392824e-96 5.915303126867962e-58 3.110844550922535e-285 2.11797846e-315 5.527810885555433e-95 7.345272717770905e-276 3.994230496448886e-64 0.07111967092768562 
9.509848094312775e-24 7.139136025327079e-252 0.16587783086671407 3.0539226663181415e-196 2.1109135578467917e-139 7.287914607146851e-175 6.072572349177245e-44 7.789239591166204e-87 1.1011590750246074e-114 3.497172696848643e-68 0.05424181052728139 7.519561921211481e-60 0.012096113609447014 1.1913928758870544e-246 0.10910818814116989 4.439418908622028e-299 0.0439889246315227 0.2512944644933394 6.733778253739339e-127 8.360932320246167e-124 2.2259825496068926e-146 1.9894832267448896e-21 0.011887225976647299 2.3011650951439078e-161 2.7543938426317564e-102 1.2138695828510506e-58 1.3376905694664294e-99 4.641098761523058e-92 9.88322814377632e-72 4.6754496167834953e-144 2.561019852515602e-21 0.24544132928920515 0.0 7.934852032003612e-91 1.2500833934970057e-119 3.6496666059980326e-33 9.748928636482782e-83 8.662537074430996e-118 2.4692415004571617e-14 7.868801190631424e-95 0.0 1.928681515218985e-87 2.5047063805079487e-171 2.646137413381104e-107 0.10606411246464843 
6.103497157738028e-173 6.986675309380428e-192 0.07724471406546146 1.860207890643729e-296 3.546740721522579e-295 2.370109405782832e-292 4.8572127599752186e-135 1.3215895387695277e-236 3.41349243e-316 0.004938992212394623 9.38280467375083e-181 0.05771038042044063 0.0 8.910116845518615e-62 5.985163671384529e-140 0.0 2.263718693441245e-59 5.276480053106355e-42 6.86151664857704e-176 2.108753147311807e-108 6.219075186014087e-247 3.193401192448523e-202 5.430323899611953e-170 0.009088176534392391 0.0 1.171088982841104e-12 3.427135720536034e-85 2.2935313494411344e-31 1.3743942327436953e-198 5.10092086221771e-163 2.9743694525914327e-28 8.298469971728084e-21 2.6818500408560716e-277 0.029852019891187246 1.0245020408166388e-16 0.02164719077168868 3.678535098727839e-276 0.0 0.6993082582831174 8.697709866817471e-184 0.0 0.10021026781854189 1.4196967335092032e-251 1.6046146785094925e-12 1.7394905156420623e-19 
0.09084051624533832 1.7985649240912885e-299 0.08420494465057927 3.092052705013409e-210 0.010508522304258434 3.297277955578484e-218 2.5220822442060014e-67 8.0940751575901e-150 4.3402716142305975e-109 0.01290455914783854 1.76232586168362e-09 4.196948632099495e-21 8.15795035187931e-61 0.0 0.07033993679420729 4.161367665319004e-135 2.808170342692951e-63 0.25571961733655557 2.6449747910664197e-169 3.490395250934976e-92 4.3568473575009904e-32 2.5580212685826184e-55 0.01957963427333035 2.785288051283424e-21 2.7349632727900225e-61 2.6175049926946185e-67 3.440984386077789e-16 1.8409359669866936e-15 1.0545518712687932e-51 7.598550934668362e-174 1.6127803265549966e-53 0.3501462883656614 1.6277715589071042e-263 1.8102775553476966e-64 8.884354085919964e-13 0.02813434667868289 4.486303948367257e-103 6.339495084305615e-15 9.08163763476685e-06 3.8955731040798354e-117 1.2427822466006441e-138 0.016428653390327525 2.73201568271191e-260 1.1699333875935606e-75 0.061183897412362576 
2.5048295458120898e-54 6.703354400512623e-64 6.098088179912132e-198 0.03665890204024961 6.43380796499058e-156 0.013554158381057172 6.931674740530464e-66 3.0536220365408404e-18 3.285653213552025e-106 0.0 1.0925038587921417e-32 0.02347498536546058 8.739252550494093e-118 1.952084540062386e-49 0.16018184382401113 0.009591385669997794 2.925516398000656e-263 1.4635943853192774e-76 0.20672328198955922 0.0 4.2271557248967813e-22 0.2840694299729522 0.053035001184812115 6.074631349813032e-48 2.5547367482552828e-06 0.0 1.557541699359665e-10 4.902728698178878e-18 7.932557335881679e-64 2.9106625821110378e-12 1.1487960754440514e-51 0.010767147588228073 1.1099682739508003e-62 0.0 4.9098254670698665e-113 9.651668864333138e-80 0.03346930217217179 2.272326933065988e-275 8.388705528947959e-136 0.14714842400129136 8.517113642573856e-137 0.021323582914795677 1.3759227554796829e-198 0.0 0.0 
3.0473708677429654e-172 1.4953287917714472e-256 0.05400560453040712 6.24654756e-315 9.690973826760439e-112 7.489141627331446e-165 1.313436621916858e-41 8.543134797261702e-15 0.008396718008494201 1.4226024308722648e-214 4.420946172974738e-183 9.606346201970262e-33 9.298264419335362e-36 2.062824687551427e-156 0.15538057305983852 0.0 0.056226318746099714 0.1732118223747262 2.83954500794408e-111 1.3924658788994654e-223 1.8226205716511023e-200 1.1859763791267267e-104 2.52688979597054e-131 0.07710324439329051 3.1068084069456603e-149 1.1138501081441903e-122 8.404079013118794e-122 1.9689715593834155e-91 3.8170002468355944e-247 3.476578973415861e-193 1.9250336188803072e-26 0.3837645479274364 0.0 6.482161964744693e-101 2.904338879972925e-106 2.7263915319085575e-58 2.348299639232334e-91 3.5301275249640386e-121 4.547286107616222e-55 6.038699974619267e-133 0.0 0.07869655618144432 3.7696721e-316 4.9104990768980846e-114 0.013214614778254355 
1.2761660712120596e-44 3.9701284484935814e-13 3.5501776695499266e-92 0.005182530131067509 3.4692728130180297e-41 7.218562897395954e-71 1.4412483884273242e-12 0.016870478028964228 1.471693241851221e-66 3.6508904991582914e-44 0.010409196344493728 3.0497705287623205e-104 2.9518386347686414e-38 6.160307367212781e-07 1.3306500105730463e-60 0.02152357176447464 1.0944673719041014e-236 1.0625635314653338e-272 0.0483054401480818 0.06655932642355643 0.008738523274542548 2.880098214942436e-29 1.1693588851701422e-14 1.565151790132418e-81 0.20652897611299664 1.1490870906495177e-103 9.768528669581208e-49 0.015393961566205427 0.11117535641257255 0.16732595809654865 4.033258310977667e-145 6.851790282880201e-134 0.28388518966022663 7.213065519589046e-14 3.889241426360964e-243 7.339380812818316e-140 0.0023286477234868196 6.535844519224731e-36 1.442949342029069e-113 0.03577222828012346 3.230042684941097e-22 4.3502857909146823e-63 6.278500941965216e-29 4.786664923690623e-147 3.7621686855439064e-73 
7.274061243482172e-269 4.078509247012195e-269 0.025215833588450767 0.0 0.0 3.872578133757094e-247 6.460402681705069e-287 0.0 0.0 2.525880814121475e-98 3.1822837929131595e-278 9.651256943525566e-33 0.0 1.249396081574442e-264 7.62164e-318 0.0 0.11570003554807046 1.8182203237314907e-11 5.154710949152799e-262 6.7582500956256645e-267 4.905248510123514e-174 1.592181617e-315 4.076385061782055e-73 1.5133425792604069e-97 1.4172958942633254e-250 0.03852097121941287 5.067538010192878e-136 2.1399665457424817e-10 6.134344061468914e-286 2.435278569996458e-40 5.078387936657801e-16 0.19548314978062076 6.69435886847971e-229 1.2502259296441307e-56 1.2075282465039586e-15 0.46146065133823505 0.0 0.0 0.06594857959737908 0.0 5.810382892151059e-291 1.0649980291250355e-125 9.263146475680992e-270 0.03597532743640724 0.061695451259243146 
5.1593261391712704e-14 1.707090579531966e-101 0.026539281264427797 5.818857899585522e-264 3.2833214201986834e-07 0.022073123249831978 9.160617997032998e-27 0.04094097383247011 0.09632941020212263 1.0860242295142305e-135 0.035788302575713374 6.240787760016831e-76 0.13135703073332797 6.909733601606261e-77 0.1478706471249947 9.721843182568359e-15 0.007681103953088452 0.06786320992831474 1.6840779098405683e-16 9.185054616859877e-303 1.64441292901184e-32 2.4566654852110332e-24 0.09422470685314485 0.020649294192273668 2.935645042999512e-15 1.0277094326469255e-40 0.13039939743234752 6.572128888775078e-33 1.9293533599764437e-40 2.1490613303143094e-80 1.780228274838099e-61 0.13027601391258073 6.846681022380914e-60 6.818718079027174e-226 0.013514507028653065 1.6331618165441545e-138 5.19528416586528e-67 2.836744441694645e-11 2.365283060220212e-35 1.10374700172444e-97 5.729606996487036e-06 1.9161243924200404e-16 1.057436495424424e-169 0.03448693974913779 8.802267278993579e-116 
0.3853362239526787 1.0095202445347848e-174 1.4685186043585584e-169 0.2522599421204563 9.071762649270175e-65 9.498189704225082e-105 9.778930573354238e-64 1.2447652225987069e-121 2.240234831581697e-154 1.1236608748983107e-152 8.113581749629816e-11 1.4307427858048576e-07 2.4491909798216e-87 4.390576566006984e-106 8.023145024652874e-124 1.1872547689320113e-62 0.006408342353454853 3.036809965106617e-89 1.0896175332693066e-192 0.0 0.0945252155132772 1.9407269871659237e-61 8.604345820993988e-82 3.192233373625421e-44 2.9247018318183036e-204 0.14915277006010375 1.0086209143310825e-43 0.09875518411614645 4.428966836633867e-70 1.7428886664154064e-200 0.0035603540096914854 2.066701192962249e-39 0.0 6.023594397637021e-114 5.737602908659764e-74 4.369683828874141e-23 2.5265210034282476e-62 0.010001824202469693 3.3300253539758786e-39 8.412444065577865e-213 1.0901792257483776e-198 7.152363466882921e-50 1.189605487821614e-164 5.163072106918798e-10 6.413698467850739e-60 
1.9872374554035208e-27 2.272645550770745e-217 0.23537433990225448 1.7962853985794e-311 2.8145908020563042e-05 7.470950796141284e-202 2.96828979799409e-32 1.832246587077009e-257 2.3602044511666478e-207 2.4988822055404007e-50 4.532865981797869e-28 5.15598064607721e-24 1.4055759984005613e-78 8.656365668624479e-207 6.322596848500692e-56 4.0720456604415675e-269 2.4890276911907393e-41 0.02944844570256489 1.5672668066252961e-196 8.773436963738035e-279 8.264942825773794e-98 1.3578716436155478e-62 0.02124330404188117 0.07049613798678052 6.0123050082654306e-198 1.3894303344302655e-145 6.886622953237286e-10 4.5306321802249804e-20 0.26186025775539395 4.229527285329323e-205 4.368998592235982e-33 1.7232252190961817e-30 0.0 8.019440441333673e-149 0.11729907035719143 4.4457157423740374e-15 0.08018991620313995 0.0 3.9811762740257386e-98 6.94787962495646e-131 4.508951651485152e-254 0.18406038145410622 3.2514422534230794e-167 7.040983889438932e-19 4.873078464908105e-126 
1.1667494387307964e-65 3.472771374808013e-26 0.0036379269755344007 5.4222163881337805e-06 2.5181808621202794e-57 8.026203346574422e-90 1.1193348190992687e-40 1.5754542622279576e-58 4.422741664000262e-45 3.2096261636456503e-68 1.4655560670890583e-13 1.5403352068581197e-40 9.999353013626e-90 5.9407754531309236e-21 1.8223754662985314e-70 4.380423898485664e-25 2.7521970489941257e-164 8.419765216652265e-170 5.987004766679255e-09 4.1920549085444803e-20 4.976528987297824e-91 9.388797859640274e-20 5.3291568500005595e-20 8.99634945648686e-49 2.0730069519842565e-13 5.5282503719524305e-30 7.181818013765282e-56 5.984097211354095e-40 0.018455509221441967 0.02159077914219004 6.194931963634991e-217 8.072398422041944e-168 0.013164540252471442 0.8798636749442367 7.705845288872472e-43 2.6228562276151e-85 1.574944295171101e-17 1.511989237269301e-25 1.0484280715751803e-167 0.04818413443476934 3.606085808461488e-15 4.982770891186272e-83 0.015098006825605696 4.123295552065747e-36 2.1710632299339834e-53 
4.411016080537044e-88 4.50489463714833e-20 0.003960704025332924 4.927200003617783e-196 8.722539118316011e-95 1.6183774235649568e-76 3.128598917945868e-93 6.523676042610332e-143 0.13264349379660362 3.76253828396054e-83 5.120415293618575e-77 1.4627093499631898e-131 3.2305656973685284e-107 0.0007700810798638074 1.1840553394926357e-31 1.033693044874244e-76 6.938517487343763e-49 5.8890233617610616e-49 3.2245399800127862e-65 8.155580156261181e-30 5.2256963361773284e-114 2.1972860385392612e-48 1.093580117063243e-39 0.10906212245856259 4.308865020219243e-146 6.535733786442376e-64 4.131227776827327e-26 9.123794713056181e-124 0.005043246248955767 7.819923127768641e-22 6.250377610372754e-100 4.980492842021301e-48 0.29770861965367956 2.480523987428321e-40 3.2158450751140817e-260 7.380226677495598e-146 6.592565938345051e-24 8.360507300776102e-19 1.2075672373652206e-48 5.274380393582692e-10 0.45081173220956366 3.945702955987311e-61 3.2342734329414234e-62 2.1700571610217447e-80 1.124278381934944e-105 
2.9452206228836237e-09 7.346083331239985e-201 0.05122749706407881 6.753641756006461e-233 6.50457596817999e-309 2.508201657369144e-192 1.3102290843225449e-42 1.8769752411396486e-215 0.04115704015381451 0.00023723555166719015 0.026134534210233196 2.766456553037614e-14 0.009654544890824368 2.9331980598784517e-185 0.0002730580357264082 0.0 0.1433574699832796 0.4241141783772792 7.871434325545594e-208 3.835421721810753e-231 8.861967029919831e-123 5.246744237540548e-22 7.872963564209008e-61 0.014567739527923767 4.579140928248991e-229 4.016171768350677e-59 1.122425431881971e-79 1.5401126333261149e-40 4.682334426468945e-12 1.8136232143520174e-249 0.0292025218053997 3.181889044914996e-06 9.193126896951592e-244 2.738116888236156e-112 0.005592136162476357 5.414919285823029e-33 5.042549896462729e-110 2.4947203547198828e-229 7.721571456305727e-45 7.785646640201584e-53 4.645700995370979e-76 0.11767281734804264 3.755556030659909e-210 0.07687876373461301 0.059927278315665855 
3.995223037068799e-41 8.314084143517437e-120 1.7910591185067475e-63 0.023191440891763088 0.0 1.4769864346987388e-79 0.847281543014019 6.3224166209344946e-15 9.79191667404871e-66 0.0 1.1600221471320915e-15 2.6132098212926768e-36 1.7466058011749472e-77 2.1965206938824892e-184 2.2983761192886075e-33 3.8992345023742015e-179 8.28085958872048e-139 5.2101264686267434e-43 9.241213534988295e-27 1.0375556347181088e-12 1.2848457192129443e-21 0.0814233217906011 2.6484777008402113e-14 0.018977465564005994 1.449072943444243e-20 6.458369092450976e-76 5.739114200362814e-27 4.245247510478122e-112 3.3135669662832566e-62 7.961802017935985e-61 1.8091501226752805e-24 2.5724899436711987e-42 1.18707939608812e-87 9.189411824186838e-112 3.1558922524177957e-143 6.672488848875937e-100 0.029126228738535275 0.0 4.0794619308183484e-15 6.1056836749949935e-43 2.709026992044883e-89 1.7032331300961739e-35 0.0 2.9682830063082543e-138 5.929443450273289e-45 
1.9920818209016753e-220 1.757508916689056e-204 0.014594773510362577 0.0 1.2872430532953055e-31 2.8399164953243384e-191 8.103749008621508e-105 7.688811216904183e-185 1.080119110679637e-230 3.931663350496001e-06 2.911698139758481e-253 1.2835463468549037e-23 2.125039887391297e-44 1.702996381148455e-142 8.568305603690553e-301 0.0 3.432506059159935e-55 1.2913794900289682e-76 9.096507626205619e-142 6.817181519725352e-168 2.2824886737015387e-105 2.046510888752043e-230 7.705320883958862e-36 0.6134005505867598 6.701026045782941e-28 0.014978417610485377 9.2615638730869e-54 0.024221205856199277 2.1096697734572653e-262 2.048548324236131e-51 3.4356312209887097e-06 7.369215597945949e-26 8.058793858408652e-265 0.0005310043278926772 9.242028697281473e-34 0.23594929540208803 0.006503280295080551 0.0 9.015829096570322e-56 0.0 0.0 2.907798489929963e-16 2.2518935820482207e-167 2.501561928320461e-23 0.08981410511656014 
1.4863605686091768e-59 1.1983692752724713e-238 2.6734449035183894e-81 1.4029356991313133e-97 2.068536641276241e-86 9.603434615565451e-114 6.77871913307738e-62 0.1980933666519298 4.915588694451243e-208 1.7120552113759315e-269 1.0607937876664835e-59 1.7921016196464128e-08 0.24537536236891555 2.7133222913502405e-191 0.07582300463764834 2.0354342977812791e-50 0.021018598853797067 1.1889505807135324e-33 7.181693143339964e-103 2.3191509099385306e-221 3.964699650847787e-67 1.0936253076822897e-26 5.695219723117279e-156 1.673523091613121e-18 3.6038181572657644e-127 1.571449754518179e-89 3.698401419936492e-55 3.145665504361832e-31 5.464799284753459e-102 7.350815463367454e-235 0.2632034582764285 0.19648619080151378 0.0 6.987891347212476e-147 2.3583146575686846e-30 3.4659624887632584e-45 8.744438393662255e-40 8.449708535020878e-104 3.1669171961754737e-52 1.9040401720833904e-116 7.190435658139155e-261 4.887509507932311e-10 2.1218521223447055e-200 1.631200263316629e-80 3.238215363435248e-98 
1.658756956664566e-139 0.004939720527540813 0.01818927546981021 3.727885636424354e-131 3.459450994158227e-187 1.405230125445248e-213 1.9831762317477532e-209 1.476229332774634e-160 2.62575460782012e-144 0.015374460883215977 1.2049186714930843e-165 3.684822071093094e-15 3.9292918502927375e-129 7.742219278964954e-37 2.887195565225554e-129 3.944542008659975e-200 1.1669292603566991e-14 0.016605373872236782 5.4101474607551945e-130 1.3292394203366043e-160 2.078223638476976e-177 5.312810525403971e-196 1.4603614299319877e-88 5.0807375684701236e-107 4.86878860657848e-191 0.18474515831452976 7.276811054045072e-131 0.5884634623924644 4.425779853355366e-182 2.0104549800494547e-45 9.013605349718936e-29 2.64840165416668e-35 7.901838167273738e-140 0.057950264985597785 5.643712955206772e-40 0.11263756455262117 4.907099715862053e-247 3.7765387580064845e-216 2.519346309314774e-32 1.6681788065549693e-219 2.817881032815984e-177 7.457607972505095e-69 5.523295494270772e-221 1.0201260433377036e-15 0.0010947190019667038 
4.109657118118056e-197 6.918751247744803e-239 2.926170918022357e-29 0.0 3.116926080467411e-202 9.150094229471037e-240 4.918045491667421e-240 6.630994754988531e-284 3.870362304344434e-78 0.00843832462142241 1.5159025916813626e-194 0.41896157553832336 1.6655676841061026e-226 2.807019672613008e-272 1.805690563188081e-244 1.428988365e-315 0.225689463343737 2.2947447524100075e-24 1.3122879840761001e-247 3.890280727192644e-212 9.611381022820814e-218 5.100912714038483e-218 5.772739432329786e-165 1.4723299768049843e-235 3.320549383415233e-276 0.18261321405176695 1.8633028882458633e-189 0.16017412930505112 1.5678452975293818e-214 2.0370930912902414e-237 6.035039695786113e-51 1.951777263500983e-56 1.2571912766714387e-127 4.605316608312009e-30 0.004123292952223935 1.8747521817762528e-10 4.502649031370632e-304 2.946877181985781e-200 1.390085807411511e-68 8.308956405819358e-275 2.9622949642251345e-114 1.5276046683702012e-184 3.454018241368024e-308 1.0683924700427127e-40 1.8995158840163422e-24 
0.07125605349183003 2.714391652763737e-275 0.03404245460390818 0.0 1.7833516982319074e-99 4.859833726600407e-186 1.0296594573898847e-20 1.677286216621599e-279 7.316597430106029e-16 4.417218275596223e-15 2.532622854494456e-07 1.8846700681079728e-06 5.0840770444719736e-169 2.2111125553829813e-186 0.02358486657526286 0.0 2.473908846417269e-72 0.26389886696667403 3.033995896377656e-233 2.1244195739443225e-298 9.960432491300087e-127 1.553544850103253e-24 5.323218227750927e-106 0.022533663179922624 0.0 0.006229236885236216 0.02311269072364774 4.737237113798268e-50 1.3463056598953038e-19 3.0643357595848183e-168 3.644588273426436e-16 0.507916752875637 0.0 2.8351986555790276e-72 2.548023763438652e-58 6.793274899458017e-29 2.486973403968111e-64 0.0 9.042441588854203e-07 9.474530231523548e-49 0.0 0.03498111604694428 3.750355441144813e-213 3.924614709902638e-33 0.012441256474419075 
3.555739544756548e-65 1.4080826713124106e-63 2.1041644875281575e-89 0.3978539678418307 1.9004799116215693e-72 0.015494454234594574 1.6889255092584197e-42 1.212456227389128e-136 1.1629467001428815e-47 1.542617324683767e-202 9.247152238403043e-62 7.1423577049835e-67 1.5468393145196957e-157 9.637088911043268e-83 3.0742097108671154e-27 0.043488478147298074 5.38628204762609e-119 9.209810197213287e-62 4.2839030043278203e-125 0.006891459915650809 9.936374521858215e-116 2.448748203069763e-19 1.1563718619069968e-46 4.125891222539721e-85 1.4797930634457753e-111 9.397474612853893e-173 1.0783755684705969e-24 1.3737914806434724e-81 0.22411623719482204 5.2560196263357676e-79 7.939367437412655e-63 1.6180596756021846e-57 0.05412670711998977 1.686999627356824e-170 1.6696370164354313e-44 0.017971920819196754 0.0052508979599003155 2.2170849598350272e-07 0.21863519634150683 0.016170458707772783 8.941397009494614e-12 1.5446484296648369e-46 1.359488299077494e-117 3.4233008495002704e-164 1.1192659983559786e-218 
6.950190072524547e-106 2.2759717410287748e-74 0.0034053470123794867 2.3443340723932546e-145 4.8959766825739905e-114 1.8782994114325364e-207 4.7663814598496e-133 1.0941854335758617e-273 1.814088656827139e-171 2.8193870971036297e-10 1.99952789122025e-111 0.521693446556805 3.940286423679694e-124 4.988442939331585e-94 2.1862013049004506e-115 0.0 0.34765878528641936 4.79148549262628e-31 2.334824549951502e-236 3.445790470512713e-196 1.89592902687826e-113 9.446627210484962e-133 5.209063151440918e-77 4.605556205741304e-67 3.648916595229242e-198 1.285465692787936e-09 9.287267614968264e-109 5.438169570117952e-10 2.3679920896662625e-152 1.179731510767987e-229 0.0015854244446425116 3.406682392173282e-26 1.2306966109819075e-226 9.918176133068678e-07 0.04451965865219884 0.00016168962201659005 1.0663486368868364e-146 2.3438683073551266e-91 3.2630228872126723e-12 2.4245625831440584e-173 1.412257957340469e-202 2.3355225073819738e-56 5.13894005472426e-219 0.0809746544934404 2.8242829488369683e-19 
1.2773608402997404e-42 6.104469335196959e-28 0.01304945729377193 0.16355361076621547 8.321232978499785e-31 1.445314327747946e-54 0.09509291670007775 8.477587264252333e-53 2.2972236628411968e-54 6.346923924962988e-37 0.1122588571769081 1.9916163469913328e-109 2.2013285273732678e-79 2.0166185809125852e-44 2.420471885916389e-68 4.808452370832778e-50 2.775567662648167e-99 6.382262357211524e-97 1.740500481476643e-30 7.436267595636445e-07 3.366920672166445e-21 1.5002514240282172e-29 0.046038674360956995 8.17144777676665e-28 0.010309597889693158 7.1579822792120695e-56 5.5045771882989826e-46 1.2179232093302301e-107 0.1377082272527868 0.14927399472437466 1.3438636824079649e-127 3.280234835649145e-91 6.189511708202596e-20 0.023651700464421114 2.2065461243461675e-147 3.7864610280636792e-93 2.2265481087141654e-87 0.01242049442540693 4.555917109089967e-82 2.3046106902868965e-39 0.027372367557583356 4.423948769378798e-19 0.20926935776104422 4.174443734691568e-51 1.3660809528280678e-23 
1.5953371967096422e-14 0.0 0.034508066143363186 1.6746513823419586e-299 0.010814383952570868 2.4182416729071324e-158 6.688242496963827e-76 1.180297591014051e-10 9.891378593086088e-187 0.023275039490468663 0.13454080002701888 2.494534852878655e-43 4.191622968417027e-61 0.0 4.230445077471753e-20 4.06450780890234e-216 9.480397623142207e-48 0.010242804892236406 1.7637156277311461e-29 1.06654260461816e-133 1.229648853501579e-105 0.08431539548949778 0.009996880617708353 5.069589835423306e-175 2.7699251899717983e-66 2.209055966996762e-97 1.8299206739597922e-92 5.478572084721955e-84 1.1114022649015457e-93 1.8038022182960683e-74 5.543306949397016e-56 1.2996491179541411e-17 0.0 2.502534830905525e-125 1.0771552201151879e-74 7.655681210256911e-08 1.3049077924066227e-143 0.30108319418660784 1.9045759408808146e-46 2.551923913646426e-188 5.021208346849347e-243 8.391026725477087e-72 3.091742435215259e-212 1.544614946948921e-68 0.3912233585256703 
7.287976278009064e-09 3.303005602823229e-197 0.05602641807680346 1.832311118406504e-150 0.0 2.579041705234778e-166 4.4922526868538126e-39 1.6150141608822596e-59 3.43673162237942e-64 2.2614172794882542e-263 0.05912209578176798 1.1996349924647887e-08 9.688619511761373e-95 9.412854632126638e-259 0.011490642814459473 0.0 2.0189895454756106e-98 0.29084660914032484 1.099846738537491e-31 1.2236171790499314e-302 1.8558600149851418e-89 1.8837528491285848e-35 7.30859827922409e-62 1.2670087053673577e-57 4.254581021047275e-139 5.432569785081144e-41 4.33524130961592e-61 6.942244664628066e-64 4.872249733454268e-06 0.3021490893470098 1.0579626434628294e-51 0.19469801968147793 2.80087360085535e-160 0.05037265596816197 3.311103093626961e-17 0.024743839222834588 6.24013086577158e-147 1.4627691177764393e-18 2.3437396638654912e-82 0.010545738433100313 5.578107258779089e-198 1.8619193829814626e-71 1.7211933629299736e-263 2.5987926819601017e-48 8.351721395881178e-40 
2.378901509530041e-50 0.18017415758389574 1.5015025662390717e-137 3.355308347082781e-164 2.0571443093650344e-65 3.0893548830104183e-94 0.03715472964604028 2.448269954709992e-71 0.09932451480795138 2.4052285960017086e-161 2.9012154375383956e-17 4.061735614177088e-157 0.015143068448633824 0.31792897136527193 0.016163883578480955 2.9243062855404627e-31 5.118734423953676e-268 0.0 2.566220782410427e-96 0.048569955704731924 1.488939552805299e-67 1.2311235041237993e-47 0.07529636937433988 2.0380344066328984e-39 7.547863533802425e-104 4.197623030838328e-234 2.255699797140393e-78 1.118604406712856e-164 4.333809295649952e-62 2.776137142850249e-07 0.0 0.0 2.8023344228734184e-20 5.542795702790013e-118 0.0057527012130715195 1.9977487068569858e-199 3.391849065135032e-48 2.1902890321448455e-145 0.0 9.485917878346436e-58 0.15553072173178403 0.04887076849752699 8.988043455737842e-05 1.9650537184809166e-155 4.881342345355625e-185 
4.828448382815727e-45 1.7800368301307037e-05 2.53351879945295e-112 1.657283859461747e-134 3.1656909748109707e-17 1.7238822845487874e-87 1.372086238223174e-42 3.4186668758164386e-103 1.7768974315934836e-08 6.854820508331453e-70 3.8291333781584635e-28 1.9774300959009416e-139 1.9095121345939246e-76 0.5053094917040502 0.013086865977463285 2.6070279103436053e-286 7.568005556456365e-48 7.756458950837036e-50 7.3025655088026785e-22 0.12236035361155444 6.480646724541274e-124 0.04670844194665856 5.0573243587620064e-33 1.5913904938055327e-16 6.217252400872144e-72 1.7282858344170924e-68 1.7120681983637995e-13 1.859555213290151e-121 3.1669869677396825e-16 0.011470952660950965 4.3278612153168864e-101 2.237037488311335e-49 0.031132532454829 1.1183219101020461e-32 1.4579779595563684e-262 2.6336181154391966e-155 2.5441346432901207e-18 1.3447217351940782e-80 1.9517828571473568e-49 0.01790166290105927 0.25201188060598695 6.911382914622573e-55 1.3414529419972184e-39 1.9645326183644816e-68 1.0423137317108773e-59 
7.106746197869247e-38 0.0 1.610239292618726e-141 0.014772302524466225 1.4297191302859948e-87 2.687637897563722e-83 2.9165322034563735e-121 7.786037725201552e-24 5.299604740105177e-10 4.091828179200731e-84 8.273051712046706e-65 8.577898514177459e-13 2.0453336125199048e-35 3.981945588971463e-235 2.631838414475341e-13 0.05036644054748495 8.092485806213319e-196 6.953337920189595e-27 3.463319301874798e-59 3.9933945824706285e-140 2.941251975881e-68 3.007124851012624e-71 4.195363233315541e-30 1.7320854828415206e-137 0.8638550607383447 2.5159709211670566e-39 1.5437674663917495e-29 8.387649106012549e-38 8.861267837261404e-152 1.8044199381373355e-91 1.5114288309011429e-68 2.5987314722307877e-36 3.8411096530093064e-87 3.1346557095350423e-38 2.502048956679055e-35 1.3603183108757628e-64 3.569309857063766e-59 0.05067813165334877 8.303652605551387e-144 0.012674763745754792 0.007653300259519027 5.589806615559529e-132 7.993879057948122e-289 2.289227989577858e-64 4.765206398254633e-21 
0.018757530940500512 1.2710423269448105e-94 1.1082048540123381e-228 0.08477355405535004 0.00985761427831792 4.067880884712114e-53 0.1268343980930991 1.694817461682398e-147 0.2882859363884979 0.0 0.16985531858952213 1.2167255312902181e-150 6.050810486807532e-84 1.656521223504354e-147 0.06190419359863496 2.0271461238570984e-261 5.750720898922623e-211 0.015955441942823452 9.138977038722468e-12 8.312021793030335e-26 9.770799154252057e-106 0.089031497571005 0.02158974762635644 1.6604526000442062e-08 0.04264686641663092 2.257405679e-314 9.589386583957379e-15 1.9953754645796418e-144 0.024308721764868726 3.286339222843845e-21 1.1871515532870511e-99 3.1226594154571946e-48 0.03668378037181938 0.0 1.8286222014534888e-127 3.971889068501954e-108 1.8385856276546597e-12 6.287929803931134e-05 3.76086304679742e-110 1.5429489457333942e-10 4.3327588845791965e-39 0.009452502294726056 1.6389867760917007e-195 6.6664115846485924e-292 0.0 
3.196058060823592e-163 0.011352086107263175 7.027117274513614e-148 2.4087946080632657e-47 3.69430599019691e-240 7.516208479945153e-181 1.1788838877461535e-77 1.0104643026609298e-28 0.013314860503953956 0.5598948822963561 3.470765281048678e-140 3.158707647902127e-219 7.286825142034055e-191 5.184431007088591e-33 1.412234787857472e-275 0.026659353815329155 5.964986801735917e-234 2.096298470915133e-233 0.048709859415259876 0.16411374300520265 0.008583276198456493 2.837279188129096e-183 5.538834174679483e-128 2.4339153022469537e-106 1.0402938136134426e-06 2.297443666088364e-155 1.271932829588332e-140 2.3368556721982507e-134 1.0869174398287248e-114 0.02203088049568757 2.1881479133434737e-84 1.6845958415912922e-77 0.05416941427908301 1.1223042149175525e-158 0.0 8.707716244792925e-187 3.3343712848320817e-49 1.9440210052313413e-171 2.1274177508627978e-63 0.09117049962281909 1.0396677529216076e-07 2.956770487616535e-119 5.19724983360899e-145 2.798660792030236e-207 5.741991029566691e-191 
1.293794557942624e-29 0.41863796915178547 8.358547133729653e-152 0.07328974693669572 2.6302979727010745e-81 0.011032246531893625 2.8957596623144982e-27 1.1144280106882316e-61 3.71651450229201e-61 6.90019942733727e-88 6.9226281630314e-18 2.0487869096580634e-172 6.97957601585992e-101 6.180815631347494e-14 0.019376993161829028 3.439626984131252e-64 1.9098443186122599e-180 2.8640219957602584e-111 0.04889524293438608 0.1325689011578258 1.2900460029487637e-16 0.0075051353723070355 4.446794717668902e-15 8.498228533595194e-58 0.0043077015874595495 1.2306194367225108e-150 7.591072063780182e-45 1.0385140697101576e-155 1.355998334816324e-43 1.5699937114990363e-31 9.530566071218052e-159 1.5825696416502192e-113 3.356079011730688e-22 5.762898013006768e-126 6.127919622969629e-199 1.616139749077275e-92 6.366096954658731e-69 1.0630609890153677e-13 6.305943760864961e-103 0.1398676658736406 0.04213973298274791 7.447745556318534e-15 0.10237866430924901 4.643834938530341e-162 8.451767927061063e-142 
4.0957119952535883e-69 2.3537917766373414e-290 0.1063589854003834 1.4655309905127606e-143 2.5003620074242e-277 1.9661695340670628e-150 6.071143834231271e-119 4.068108788497681e-38 0.018090932404527693 1.212160750772356e-82 6.5080319854286635e-62 0.02010093653224138 7.428700231921184e-115 4.996644525975447e-189 1.5857259644231713e-82 1.5536916030317268e-96 2.9444065366961606e-42 0.5772114339467047 8.809353842454367e-91 3.5834770163144985e-271 2.139392193555222e-109 4.544315867214238e-85 3.8757766098046544e-83 1.4799487103930281e-28 1.0143409390030113e-128 2.2684594439035964e-24 3.5875499032051855e-68 7.932875995937349e-32 1.4591949214831846e-181 1.2111725245115797e-259 0.0385342472256342 0.0693488303408148 0.0 2.6714833130594106e-40 0.05645945089782229 7.522654935501373e-23 5.453864136588767e-76 0.0 3.642334269683468e-53 1.3329627919269941e-168 0.0 1.1989049458356061e-61 2.48418632687269e-283 1.325753466545512e-20 0.11389518325187167 
1.4932665253484346e-17 6.389193818751531e-237 0.08442792763340681 0.0 2.2311186798222362e-250 6.873708691574319e-216 0.03745897573873651 2.2674009136407263e-210 0.0 0.31057778416437076 0.06763913120524206 2.3508869040253033e-45 0.14750131330551158 0.0 4.949125730407587e-143 0.0 0.1397139500932251 0.11774626224665954 8.386832155675588e-148 6.941845807414952e-184 3.8266650871609134e-131 2.4416926356778027e-55 4.157370505922211e-25 7.499518884191448e-203 1.8215291979518298e-64 7.64975413237468e-09 2.4629018520420537e-87 0.03124016772017044 9.80975210505113e-42 2.5203852460250227e-86 1.4377187889526653e-80 1.8357485461686e-27 0.0 9.086300850687305e-103 1.6428197047923837e-201 7.928453848911551e-62 8.885644727810565e-53 2.724163438321139e-274 1.6166722762683786e-103 2.2346027871439686e-288 0.0 9.353254801186025e-79 2.875737821470239e-295 6.012744180218509e-76 0.06369448024292293 
1.2728606972631164e-27 6.799468672687892e-41 2.7776445763068467e-253 5.281770523664209e-68 0.060229334186320004 5.3089716261244874e-83 0.0004927754785942213 0.014557238137531315 0.01960519289833274 5.347394022796558e-116 7.758949021277808e-11 2.0336470746031293e-174 0.09390479106980544 1.9949247090360737e-05 0.08993529808152785 0.0023619156879810823 5.2619909272726455e-216 1.733865781290543e-252 0.2857838855171857 0.011156318033216666 0.021733085910835254 0.00913533308534117 0.018882810675521316 0.05721204470753593 0.11451932135505208 5.946370529925384e-126 0.13901308088769082 2.0846940682399422e-240 1.2211749741586447e-40 3.0654562854079993e-61 3.142054631935025e-277 4.198169427951024e-226 1.848164816315788e-85 1.025410863935664e-56 0.0 1.658184342611428e-200 0.0409157681114505 0.02048467410527144 1.1757519741332108e-237 5.7182746126215414e-05 1.224092258832018e-39 3.424403615673062e-16 4.1584350805237736e-76 1.0818607661081677e-108 2.053297049594842e-37 
1.9426220118326004e-10 2.8134058680492975e-195 6.941741925617977e-124 1.129061633855924e-118 2.0658748518643656e-17 2.662814967839354e-61 7.09255309871403e-45 1.106610165736949e-41 4.411894911366313e-23 6.396871897758056e-81 0.33494652363300165 9.944929653693002e-39 3.178408437223317e-19 5.456060834786737e-203 1.93722718071176e-55 0.041503468171296014 5.570989786955538e-33 4.398265942780296e-46 5.357578122927627e-94 4.047803405257246e-260 0.022828361508370677 5.8301236965795095e-27 3.654274084942982e-113 0.0077800955442522204 4.6591639660796565e-139 6.632116916264908e-20 0.028989398337046026 2.637619364866853e-64 2.9381893632145894e-31 1.5405248554327721e-252 4.809454684637402e-44 7.610751622138528e-52 0.0 1.897973865313161e-15 1.462442537291436e-69 4.0844839926187983e-76 0.563952152611769 7.92525439370483e-222 4.2813714761513815e-134 2.7088545966019138e-111 7.710926973146317e-44 2.0524518596483724e-32 3.041807158156426e-72 2.2905746442464435e-32 2.9383054750125526e-16 
3.635805854030873e-16 0.0 5.696811280502509e-109 4.602974889756289e-57 0.009669969718878426 0.008177926865992604 8.519744351863841e-63 0.08880803680824118 0.23370640919353824 1.317175093303731e-95 0.153052017892064 0.0012333837276664323 0.052808881381819085 1.7995697532018928e-264 0.11741365329695558 5.82582526313956e-23 9.11784010482986e-140 4.832883774515791e-22 1.9503375513565936e-51 1.301094783274908e-162 1.4879001723920855e-38 0.2004278151845936 0.013356999996702767 5.130851756541686e-121 0.00011467728241161649 0.004542687481583889 0.020412499396656982 4.31578964378363e-30 5.810052833177152e-117 3.3380420927619393e-152 0.006921371541785934 1.337485457492575e-55 4.115328411930285e-93 4.3649791332374997e-38 0.010414458401622816 4.771394377592135e-06 0.012453513820733474 0.008205397298940226 1.899860868485918e-128 4.227135522688848e-98 8.997529669343099e-27 2.180046633928992e-118 3.285802242872464e-220 2.191658446272337e-112 0.05827552931543504 
1.0780155992153499e-220 0.0 0.10489758257904147 1.8291096339559516e-289 2.7695393939569044e-185 3.169873782906941e-308 2.1967025337914018e-185 4.600202513700403e-261 0.0 4.90957659251403e-38 1.2326487399350271e-191 2.7610959544988487e-17 9.92670419401367e-174 2.3958737165588243e-226 2.4748361974609737e-192 4.016221335259902e-300 0.16135512071787164 0.08410191353501795 2.553406375867613e-246 3.162294528479865e-214 1.0523737060166816e-301 7.475928922764413e-171 1.0147698213090597e-167 0.009862877996715078 8.183553864992899e-235 0.48408303750393866 1.7828476933571134e-122 5.925634658805875e-34 1.652222370984694e-271 2.006049710470166e-258 4.52396878122831e-39 0.07111156754417652 0.0 1.0360115738320057e-37 0.08458790000534125 1.1789740711925275e-10 3.983019363120848e-234 0.0 4.3718655343104995e-43 2.6024652707884627e-289 0.0 7.2094494723157295e-112 1.0652420564357656e-205 8.405401789361034e-40 1.1132083990906533e-37 
2.164813010902426e-186 9.501323894055186e-59 1.8830909755259958e-303 0.0 0.0 1.2901084996051923e-199 5.552826899511313e-06 5.238273858207974e-161 0.1630393686616827 0.0 1.2405254138891994e-228 1.4304814843068391e-176 0.0 0.3910718014881387 1.213400291410868e-286 0.0 3.4055203094278168e-49 2.0388843734636095e-05 2.1528701985717838e-138 7.004696825927396e-45 0.0 6.60792759288496e-250 1.3683983834372325e-49 5.019809792720226e-30 0.0 8.642740325344857e-124 6.4009710382547245e-103 4.914207663726534e-84 6.163547948663913e-281 0.09922522854118321 1.891784613500126e-46 0.022328509485097535 4.538802307121016e-76 6.109844585390279e-22 5.531409202497953e-306 2.6593317631289124e-188 6.366784341771652e-239 0.0 0.02389804037180522 9.694084883e-315 2.337350729512038e-76 0.28667170712130347 0.0 0.013739402660155085 0.0 
5.808742887498218e-38 1.0930349479578849e-13 9.508944885387957e-179 0.011914761252998916 6.824128548974754e-132 8.746520017790065e-142 2.6586513201294307e-98 1.4083427809539885e-94 5.905153481114469e-71 3.03083759162066e-104 5.91478469638704e-149 3.777679422802557e-94 2.202070646807879e-106 1.5305840475419647e-51 0.038051674632658794 3.4056576978234747e-54 8.511068378905421e-192 1.1256323296186781e-111 2.8473603127926604e-69 1.2242475644321026e-39 3.2342646312713398e-43 1.5083304128010097e-86 0.02457675734700082 1.6635878751685304e-113 6.910399066137535e-19 2.699649216134504e-26 1.0507213644709472e-20 1.699089061946318e-67 3.496793045558948e-97 0.07228406453452539 1.1355141833166342e-140 3.797834843880966e-99 0.11601500162987846 1.0507749981699952e-12 1.127240797075214e-59 1.0738973432865428e-68 1.8654652772474997e-33 7.144675510431255e-45 2.635710983899189e-98 1.5130512662654944e-31 0.6391548007537373 9.931560444215137e-116 0.09800293984803693 5.9838007574360815e-52 3.2872372334926476e-15 
3.2908216393475586e-72 5.142694248209934e-72 1.0199292303711351e-202 2.802798633700241e-72 3.9121691060075914e-230 0.07267154755150143 7.154999195901547e-94 1.1507251809792667e-22 1.7755610091226692e-95 0.0 6.18685248960418e-98 1.0594439597298348e-33 4.653816821114071e-201 8.49646915259367e-120 0.1062064000781986 0.014605041407542745 9.916200054470167e-108 4.304674161252504e-09 1.3411926149842083e-46 8.241957664417974e-36 1.8572583324690138e-54 1.60188131875716e-73 9.419225518573929e-167 1.2667472616274489e-87 0.16774785441296586 5.686828586162295e-218 5.729720063902741e-34 0.012296195489271173 0.0005289028619396307 1.2761622391497111e-146 0.3900220576813906 0.1947915727111189 4.540955560431311e-22 0.0 4.5208740328189064e-157 7.479855129388747e-84 1.71688924499623e-105 0.016551077265001924 2.06411845163205e-06 0.024577282117943338 8.79349277836621e-72 8.44700314183104e-81 0.0 0.0 0.0 
# The emissions
1.194148441208686e-153 6.928357272576361e-169 0.0 9.188942519009663e-167 8.523107271790945e-71 4.0334183849675155e-165 8.359702903296797e-119 4.575828606518239e-07 1.3529418858843439e-76 0.0 4.272545127291706e-99 0.02658500331016844 2.4197135110166786e-109 2.9667061936931544e-146 3.6606929338757573e-165 1.572298043291931e-73 0.0 0.01728331945818348 7.072932772387356e-09 0.9477320230260462 1.8683034772052547e-307 0.0 1.9109030228724285e-239 0.0 0.008399189549808563 1.41513165249213e-20 
5.404073872613215e-112 7.18135878541427e-48 2.1209036174772156e-194 2.9254730770395435e-191 8.152617991494344e-104 8.707913547071785e-108 3.627637941147657e-108 4.867175831873739e-106 8.343128263263785e-146 0.0 1.0421989957762073e-137 0.12299055520867769 4.017667022800115e-11 3.1900574129021546e-42 0.0 2.4252910855104715e-49 0.0 0.8770094447511457 6.8285004513927855e-25 1.1890254260273006e-72 1.9298590364470643e-108 0.0 0.0 3.0936392473858865e-184 0.0 6.638932528986465e-138 
0.2172557739401221 1.2391287035513716e-287 0.0 5.041820962090879e-181 4.3129348029658164e-10 2.0381846167233e-311 8.728471463314428e-298 0.0 1.6410477228266528e-08 0.0 8.248994368516464e-294 1.4817576947533456e-226 1.5154537831723025e-179 2.0339622977254825e-243 2.1474292708457068e-27 3.569547045653846e-284 0.0 2.4842830942066587e-266 2.817964167368109e-119 2.2102845397289814e-81 0.7827442092181071 0.0 0.0 0.0 1.4884353631880203e-263 1.0300138143635951e-163 
8.518576162074366e-143 6.1292603808223565e-257 0.9601092575563178 2.990304461099144e-278 0.03988940917947745 3.914371369174203e-199 4.005878412187727e-20 0.0 8.630966392589847e-145 0.0 2.0587604392173485e-115 3.1964680289538294e-129 9.567111865698198e-142 5.9499270589434425e-90 6.4349610155202725e-74 5.8455689534081105e-244 0.0 1.8078180809502152e-140 1.3332642047599963e-06 3.485916596604943e-57 8.336501343671672e-228 0.0 0.0 0.0 0.0 7.925693008246668e-106 
4.710117099317501e-275 1.3029690434439255e-180 0.0 5.093715365946932e-98 1.6966755544700177e-224 1.2118697834105852e-217 2.8724102644614716e-176 0.974159834331489 9.271444260530002e-243 0.0 0.025840165668511064 6.049386020645827e-174 2.885984877378126e-209 1.6196011761919733e-153 0.0 6.99793324855034e-215 0.0 3.607780086960041e-201 1.830465695704948e-94 1.155516397155205e-199 7.089395040115443e-210 0.0 3.6011644747078355e-252 0.0 0.0 7.1742354555211e-213 
2.5878514335662158e-294 0.016498346513081057 4.852750859986771e-127 2.2923528605495446e-08 1.6234575866442442e-236 0.017622396386535167 3.9683162313440943e-38 8.09172621341839e-12 1.3855595656573445e-124 5.261735216790263e-57 0.05655343520438271 0.017047751149450216 0.04862580050203491 1.0602561425750674e-55 0.0 0.08995800929303141 0.0 7.192593398753905e-18 0.14189475039884716 0.006329808824994086 2.355557793419099e-302 0.6054696787960228 8.417775378004162e-31 0.0 4.5368e-319 2.8393427110027007e-124 
1.7283900439837487e-212 0.03024807599779722 0.0 0.0898749721399035 6.941133833138732e-158 1.8251563747751868e-09 3.3708230709131686e-34 5.24192581853206e-85 1.738231530929794e-56 0.0 5.667422561948175e-121 0.6346164634610952 4.456532615991565e-41 1.9096957226046463e-45 3.440069557769651e-181 3.165319400949197e-74 0.0 4.632374640095317e-86 1.138603455858441e-33 0.24526048657604763 5.467191905262469e-73 1.5317063169445254e-150 1.460491744391789e-164 3.675342112839037e-164 4.652125493995417e-176 2.608413621209926e-57 
5.331129397113273e-199 0.30534240123687917 2.3554802641438853e-65 0.007824977744107859 1.5095940205453822e-165 2.4075329475429502e-05 0.5161230485168388 7.037045743403493e-49 2.2167892966249767e-158 0.05764203246286434 6.785337156085365e-63 0.04477723225404973 7.68547250152615e-66 3.1579581434507602e-09 7.807382750039713e-305 2.052809675601877e-59 1.9648407627670256e-269 0.06826622929782668 1.1575581362698107e-57 1.3987908453253573e-69 5.652636467103373e-198 2.1307798956820164e-33 4.1228684867617085e-23 0.0 0.0 1.1593767949383532e-125 
6.43655547672405e-108 0.032318512463905755 5.489678563708854e-270 4.2494686096292486e-09 1.2243580328169567e-125 1.2585434636805901e-45 2.0863532131413323e-36 1.6613631310211098e-52 5.560489003773665e-103 0.0 2.8513855714997035e-33 5.909595733469251e-30 6.779685268272058e-56 0.9601698566648917 3.11787463388415e-257 2.299389708252762e-211 0.0 4.637594004132742e-63 4.5747873533430805e-06 6.498120375617295e-23 2.8179760037268707e-94 7.529609166940013e-124 8.457993858518064e-111 0.0 0.0 0.007507051834380649 
1.448073733882409e-187 3.264828150664274e-67 0.0 6.58334072653404e-171 4.2843999167113665e-96 9.505384350912286e-54 4.6817845093298703e-60 0.0 8.016454793203612e-69 0.0 0.0 1.0620211012896051e-24 1.7546718706115708e-19 8.181722741407147e-47 7.50220920932497e-88 1.0829883816614777e-181 0.0 1.922248897867257e-49 2.3053388336708215e-154 1.1759144992834022e-98 1.0 0.0 0.0 0.0 0.0 9.246537322096049e-194 
1.4519886475179412e-62 1.1528818326611464e-46 0.0 1.3033675964811737e-22 7.64571445222938e-91 1.1977921429127227e-36 1.5610796955121275e-46 9.164001836480877e-41 3.5760743623111634e-68 0.0 8.557382842917412e-47 6.778881852594547e-60 3.1696025567591873e-78 2.2075858185630114e-43 1.413476507004395e-228 2.950508811978621e-96 0.0 9.558824471428507e-109 7.278970064262395e-11 0.9999999999272103 3.650335270171128e-78 2.3162639617156793e-158 5.478465273947058e-27 0.0 1.2301409842060902e-219 8.048446703719518e-26 
0.5577046925053506 0.0 0.0 4.044141873546981e-193 5.829105223478392e-07 0.0 0.0 0.0 0.10404568224581645 0.0 0.0 0.0 1.7702856827063863e-216 1.3690953663512505e-186 0.26992260551381597 2.587019093135623e-86 0.0 1.0797629334600533e-120 3.7871569050530025e-191 3.974207618686051e-170 0.0683264368244946 0.0 0.0 0.0 1.0913142356492415e-157 2.42648168335621e-194 
4.9058742296473506e-192 0.014556291114290396 1.336061910862894e-137 0.23976602433527275 1.1622664059770022e-123 0.09469705261895074 2.2318383189595347e-19 0.11090091881541365 1.1869995534247638e-32 3.084073730120993e-65 0.013981318809096248 1.1876036388808028e-11 9.39015318298572e-07 4.305030610662368e-10 5.897576237386286e-293 4.2303692280831724e-39 0.0 8.369059001906403e-21 2.8698079129464153e-05 4.089385647494309e-41 1.0498019613618023e-118 7.100332216600874e-92 0.5260687567701493 0.0 0.0 4.251852868824906e-49 
3.892597344805051e-167 1.1721415100077499e-109 0.0 7.41094925048281e-164 5.780876779674792e-67 1.0422154697305318e-112 1.987348424037832e-63 3.0240332283250503e-25 9.805231910337487e-81 0.0 3.1876949294142207e-255 5.2745954073942585e-15 1.1710043291302458e-13 1.877698398624666e-10 0.0 1.8606200782868706e-168 0.0 0.9758422241348446 0.024157775677263252 2.940271589342183e-28 1.6177354109239659e-40 0.0 0.0 0.0 0.0 1.1191982620980305e-169 
7.965867172366765e-69 8.174953614800367e-52 1.9857804248890018e-161 9.893018440560772e-100 1.7450622226302174e-101 1.1305466198734291e-115 1.0002598845600418e-82 7.709423963455147e-150 1.6938568710625174e-14 7.567895441535778e-185 4.94403197559106e-20 6.257509852464679e-85 7.89492670128509e-79 1.5642783308815708e-66 2.9174174462510318e-105 6.364477359961391e-124 0.0 1.5560719087368557e-76 0.9999999999999831 3.086182417080889e-79 8.38078656597828e-134 3.964516209888953e-191 1.9346375934287447e-123 0.0 0.0 3.4435075595968645e-48 
9.194021131507013e-70 3.500482369667942e-21 0.016842102184699007 1.7666915250694313e-41 1.5079827990981475e-87 3.12919802468644e-05 8.129777400110113e-19 3.336317017168966e-70 1.3728605735874979e-28 5.380971451218409e-210 0.9831266058350542 9.962586118919475e-58 1.7935697790375046e-60 1.2485437568122194e-39 1.2243095790727558e-196 9.589089187306487e-50 0.0 7.703007045441311e-64 1.5366916190469683e-76 1.434208580739678e-54 1.611799500580305e-61 4.093200002871231e-272 3.662339000848471e-136 0.0 0.0 1.8824913957246803e-38 
1.9623182256098286e-17 3.0770597267088515e-122 0.0 6.89684057217498e-132 0.9807027475184306 2.5501308117180026e-165 6.56712747364156e-216 1.0869407852816918e-152 4.267418279433501e-82 2.400074794970898e-278 2.2193192537115436e-259 0.013811345868033266 0.005485906613536226 1.2294549090566265e-90 7.366625756574613e-120 1.4876704643035227e-129 0.0 4.7300988077910607e-110 3.8283400286140876e-141 9.132817116630013e-55 2.694283125101009e-153 0.0 1.2693593906677724e-136 0.0 5.666999980347912e-139 3.134551996954655e-180 
5.6413575925210904e-18 0.0 0.0 1.9611800994696426e-166 0.9928239216513454 3.0134096031118673e-197 8.879066129506687e-230 0.0 2.9203327872000185e-23 0.0 1.0309859223808935e-292 3.681289480147413e-257 1.5512393746176224e-180 5.727666752936748e-222 0.00717607834865453 3.740985384516822e-269 0.0 5.66545218528875e-282 2.417624136354309e-111 1.094482013684044e-41 3.9372985862031834e-45 0.0 0.0 0.0 0.0 5.445303760433362e-164 
4.4913082874014305e-151 0.4635872166326135 0.0 0.0602136806563574 2.8327955332080886e-145 0.0884078021994576 0.3350547648630468 1.0666545411374687e-38 1.0547485259545861e-98 0.0 1.9550749297727107e-41 2.494605395118729e-19 0.01692793550409816 1.0540759106649833e-39 7.76280798738999e-281 4.0074551373023365e-119 0.0 0.03580860014440775 3.00494628990674e-25 1.8813274873711565e-14 1.0268840466861846e-139 3.859229330261336e-129 6.762465997775515e-83 1.947586826e-315 4.6261592248570706e-275 3.707778206340847e-61 
2.7900270325471624e-81 3.181704820796582e-20 0.0 8.076142036745787e-168 0.018821726755531776 2.4351147788578332e-54 7.418991160446285e-46 1.1277450481115556e-44 2.4171922703877663e-80 0.0 2.6246892035449187e-35 0.9098640979187574 3.072683791592023e-40 1.1236701459007877e-56 0.0 1.2906930022362e-74 0.0 9.58896369162428e-11 5.013769100765972e-33 2.4622869669785155e-53 0.0713141752298211 0.0 0.0 1.927951888686117e-231 0.0 5.0664192009655e-141 
1.117714195391034e-178 0.09300194823093427 1.634658124613945e-67 0.10225897518372763 2.072968707678723e-136 0.19856615192039678 6.13616855348767e-14 7.882827849313547e-84 7.6142264042822e-80 3.463968233072519e-130 0.0752904449972949 6.809808456231968e-72 5.91869526021922e-59 2.056350088819132e-61 2.1414589681236572e-247 0.33287614824666806 0.0 5.100942651458256e-78 2.6207976887956974e-64 0.19800633142091695 1.0420721415308683e-215 1.9264713967699035e-135 6.183542781521104e-83 3.378969220775017e-309 0.0 2.611456556395359e-97 
1.7203149100782701e-133 1.9256399306893082e-69 9.68955331366686e-262 1.6513135611623705e-51 1.1526562408935823e-136 0.09096217685457074 5.635723875472045e-75 6.944637706636012e-102 8.378952533555949e-87 0.0 5.859353608048039e-139 3.24206195986017e-50 1.278084792861615e-57 3.3134492215585667e-48 3.56428169161339e-284 9.827253281672748e-181 0.0 2.6600159196140953e-66 0.35187716903262645 0.5571606541128029 2.767589028054721e-141 3.9453225575149644e-104 5.024212622115256e-137 0.0 7.391637525940936e-288 3.758070298988858e-35 
3.303992526064517e-170 2.1512432402958493e-11 2.3088870666313386e-219 0.1101392939943399 3.5278334755322455e-135 0.09214420544761306 5.490875685613881e-60 3.4726936733749895e-33 0.010269781881497339 0.05226466147638891 5.511611553193532e-21 1.8802398155023482e-09 0.3323656724358773 0.2923040250246926 0.0 1.6989056029914077e-16 7.25147023784328e-195 0.005859946591061236 2.181298903239314e-15 0.04679902959847895 1.243138100926571e-142 1.0459240103807215e-82 1.4343137135620608e-33 1.4858697136163418e-267 0.0 0.05785338164829617 
5.769399952040014e-117 5.89193910418067e-137 0.0 0.001286699647901626 0.0042851217865576855 6.428832757848631e-99 1.3839021270710335e-150 0.04408599741363205 2.0716896229780826e-109 0.0 2.825894424730487e-153 0.03803022575410425 0.014483108406672862 1.2034712461461473e-49 6.650007121451613e-238 2.5264015697118174e-175 0.0 0.8978288469911315 1.962060562908325e-104 2.1015200114274412e-119 3.625471648438805e-215 0.0 1.4090375301132763e-143 0.0 0.0 2.7586047309056514e-118 
1.1908030376668605e-105 1.229105625491246e-38 0.003000436527066383 0.4302406435399466 6.100865318822062e-172 2.5054642005073953e-15 0.5121795715132003 6.328921040144298e-85 2.1005297918665033e-53 2.9520281936031426e-277 0.03072307375794564 3.248532339137034e-86 5.122898267135809e-63 3.593759021505768e-29 3.558275657489297e-291 1.0137645458699536e-162 0.0 6.983440699742932e-78 2.7128780688817423e-40 5.878039391996881e-49 2.866492321045245e-58 3.0012780239685063e-62 2.2441034025024218e-79 4.1705718099184104e-306 1.4542991725002534e-23 0.023856274661838754 
1.6978729800531729e-12 1.4442936678633008e-257 0.0 9.675852802415891e-132 0.08558222607598073 0.0 4.6992185759457755e-279 3.8165237121065685e-220 0.8061702305350708 0.0 8.39450679982108e-265 6.399660274798272e-256 1.4468546270682754e-149 6.680973638687555e-215 1.6109514652295562e-10 2.852157842808229e-279 0.0 3.767827239498308e-243 1.299687738262792e-160 6.957718716808224e-137 0.10824754322615567 0.0 4.1317418250805436e-269 0.0 9.900475158046313e-61 4.9607747237056986e-126 
2.93786979055678e-270 0.1111404542138377 0.008472108266821722 9.03976990960977e-19 4.393555321365432e-134 1.5215826969120807e-36 1.9589001593084876e-44 0.17343388720868771 4.379203999591983e-77 5.887700576211718e-60 0.15761382704262883 0.15745534617386467 0.11633475165424499 3.2697767772406814e-06 0.0 7.856482028453827e-91 0.0 9.72848381829429e-05 0.16905336924096845 0.07319668772723513 7.266649446630648e-308 1.7594058526048502e-214 1.3388928685108576e-40 0.0 0.0 0.03319901385675064 
0.6649298290339425 3.2190029648134116e-272 2.218562810238062e-245 2.239956976187139e-80 0.2778672102990193 0.0 5.458546946664741e-249 0.0 3.2422622210460517e-41 0.0 6.114063933305745e-224 1.0475840117867055e-248 2.1214073200511845e-68 1.0491656545440004e-205 0.020784127403461684 8.062185612386352e-162 0.0 4.959273162610097e-131 2.794201393576352e-194 5.418360049856836e-153 0.03641883326357648 0.0 0.0 0.0 1.0758568583203665e-234 4.1474717840889604e-172 
8.887542850025734e-79 1.7839107953435995e-106 0.0 2.334305561713223e-10 2.603630489643518e-107 3.4225102809782584e-97 3.9491281663105366e-36 1.4751581055995058e-254 2.1858040243398746e-117 0.0 6.836340626680365e-89 1.9550073474080513e-22 6.271504916892387e-39 3.9499519320761315e-12 3.6040463427408723e-181 0.04299714309459779 0.0 9.735591073068435e-41 0.039493111410523155 0.9081013637258938 6.504475759083777e-116 2.1281105246562268e-305 3.8950621244968634e-91 0.009408381531604844 0.0 4.698330183546224e-86 
2.3128843247503054e-121 0.06047401068485681 0.0 6.863589930650442e-58 1.389690798373694e-142 5.749527741455589e-06 2.5606955337815113e-13 4.678386625731494e-31 4.022220918916719e-97 0.0 1.41509896570644e-215 8.516580996452769e-54 0.8273227823134824 1.1155726118865673e-47 0.0 7.014299171135539e-83 0.0 2.1558784068187862e-46 7.76641440972743e-83 1.303271568292598e-17 0.10393235170729632 9.109970385350504e-114 3.22673011205627e-196 3.113000025852493e-212 0.008265105766366874 2.8363110412223617e-56 
1.822612266202645e-60 0.0 0.0 2.4637989625293435e-268 0.48719466979090065 0.0 5.735843551120931e-84 0.0 1.1032326825266515e-96 0.0 8.775861304699144e-115 3.294203332717187e-201 4.6143800721707617e-256 6.787781398990311e-212 0.5128053302090994 8.888388868582454e-91 0.0 1.2235801307701955e-242 1.6964928627598902e-165 3.4235989083451084e-206 8.071141849343853e-116 7.249417785169776e-173 0.0 0.0 3.073356450616716e-114 1.5117461437401225e-175 
4.933390670426498e-09 2.3901823398900498e-257 1.278845952288808e-259 1.9929032063467393e-156 0.9999999950666093 0.0 1.3863637477862435e-132 0.0 2.0234956063085593e-79 0.0 2.164950400330948e-212 1.5532013669585e-311 6.149098302462943e-102 6.902092316931362e-232 1.466360754737177e-48 3.345229389218664e-173 0.0 4.029297601945596e-273 9.303608420131331e-80 3.8623769720932615e-63 1.7929721439774345e-61 0.0 0.0 0.0 0.0 3.830369504024636e-142 
1.7330505765797792e-237 8.579404305168288e-228 1.992166270071113e-224 9.230826344260914e-269 1.8285800662841272e-90 5.0809707805633205e-141 2.294928695862524e-78 2.782376361602327e-264 8.345555517958904e-80 0.0 2.480695031637635e-299 5.700255259981657e-70 0.013183668156361161 0.9851300995780459 0.0 4.352463793192798e-187 0.0 0.0016862322655930042 3.303952260139495e-100 4.5507892534778755e-76 4.830299314972033e-136 0.0 0.0 0.0 0.0 1.7247606146851718e-187 
0.009106903235982873 1.3709162834217901e-201 0.0 4.2791837693425975e-242 4.864964363341799e-128 9.003346361644087e-140 1.5050163533592263e-71 5.368920631980337e-103 0.9152194400387047 0.0 3.8726208053013275e-181 0.007897022574196699 4.249228759981627e-57 2.5001818812471873e-27 2.719238730041872e-154 8.46636567785627e-09 0.0 1.5404245278850315e-22 3.6296756670988045e-70 3.9446229157278526e-77 0.06371851782621178 0.0 0.0 0.0040581078585383 0.0 9.319047048350063e-257 
0.9649643114849921 6.713577085492042e-146 1.0193663275673292e-211 8.510231851547094e-15 1.315247320140707e-24 6.4598858943227265e-81 1.314617056149196e-97 0.0 3.2939732077596283e-99 0.025888469572956485 8.488506991309327e-266 1.8062301008875037e-55 2.4754478902383223e-48 1.04891798282717e-187 1.2738584129791827e-37 3.8499551972367183e-103 0.00914721894204293 2.914095711631541e-31 4.990475962996817e-95 1.5722740824354847e-54 2.009495310651661e-86 0.0 0.0 0.0 1.1066986871276524e-201 4.820439170009586e-67 
0.4298090114893845 0.0 3.912484444165694e-85 0.011022457211934176 0.030695890202468188 0.0 1.5676221163478044e-300 0.0 0.14110669638660675 0.0 1.8589328539426171e-283 0.0 0.0006761798460600383 0.0 0.35683913180643695 6.295204792028971e-228 0.0 8.898389790748574e-281 4.437108030572456e-278 1.387023136975522e-212 0.02985063305710926 0.0 0.0 0.0 0.0 1.475692686817518e-303 
3.1716621438480534e-168 0.013297675980450589 0.0 1.4463120573858479e-52 9.03104673490247e-116 0.39134617446362646 1.3797848691669807e-18 7.1706916201917466e-06 8.902548508632913e-89 0.0 1.1692034022604283e-51 1.618310729262692e-38 2.3983655287966938e-92 0.019474664960470296 1.063234850216968e-260 6.81071670665258e-43 0.0 1.218747941052951e-52 0.5758743139016351 2.197347650906764e-12 2.469201314132888e-188 1.261641482631378e-268 6.959193811934406e-179 0.0 0.0 6.313614388352516e-154 
6.689674495607456e-101 7.111093744919467e-67 0.013285054405924117 7.405100787702302e-37 6.301359733095657e-94 3.0113590957779165e-65 4.424696731897192e-71 4.784595702521318e-111 2.0618731432609437e-95 1.7606093519613803e-34 1.4164227800436655e-71 4.096428276927898e-68 2.666588834534125e-41 1.2701388147998522e-41 5.826169440767175e-175 0.09272467432228478 6.353096120073313e-41 6.888471633812465e-28 2.677547716903799e-76 1.53479990612858e-17 2.9729296010057775e-47 1.7467753406597553e-167 5.139139556602087e-41 0.0 0.0 0.893990271271791 
0.01867052539202186 0.0 1.5284444011987625e-139 4.643626662534373e-210 0.9813294746079779 5.392134405638695e-252 3.7644572480628264e-129 0.0 1.9621425966606128e-16 0.0 4.312032553914624e-165 6.15395808965232e-177 1.0195724809640445e-104 1.0116588841110643e-185 5.820988541927188e-79 4.917400286800257e-199 0.0 5.463751551372626e-226 1.660585426368082e-139 5.182008794195677e-120 8.143370008438737e-34 0.0 0.0 0.0 0.0 0.0 
5.934196676496291e-37 7.009864139431163e-09 7.04852493035152e-260 1.2470965635516583e-174 2.2058310231818658e-41 0.3593567489072629 9.670036926635479e-43 7.609189206245089e-248 2.0839742480088153e-81 0.0 1.8989181676126583e-51 1.5179623867479452e-16 6.407379839639776e-52 4.651524965524157e-47 3.878866663318736e-217 0.08321898222699246 0.0 6.512739360711827e-27 0.5574242618558805 4.640862178559102e-65 1.977366778908918e-57 0.0 0.0 1.706799436168884e-140 0.0 5.874383424180437e-110 
5.77818173677629e-130 7.423902768428295e-115 0.0 9.345704459254814e-242 1.238879171396273e-51 6.811713354388308e-116 1.5597149978759223e-87 3.6751609187002934e-96 1.538323744091823e-44 0.0 9.753783380902061e-116 1.368552404035171e-10 0.043438554044227966 0.9565613005907001 0.0 5.171739909175097e-60 0.0 4.829882155146173e-08 9.692939513575646e-08 1.5452026308544495e-39 1.5124976426182592e-67 0.0 3.598553103998991e-239 3.790683803076487e-248 0.0 7.552586067388193e-277 
4.709110909540075e-182 2.8214236349917874e-87 1.636541957278178e-231 1.1495913598365185e-75 1.689997725506412e-80 9.301503570355519e-88 7.928788371180575e-146 6.302786970304032e-63 2.602507303742126e-73 4.550535201392536e-239 8.979729251036587e-106 0.7632438256275197 2.2184749054550902e-52 8.672554403537003e-20 7.902847279551175e-251 5.55760164673082e-123 0.0 0.23675617437248028 2.955148762842641e-54 7.721679592629597e-57 7.852032014944925e-308 1.2361321173478526e-241 2.2041674474274922e-51 0.0 0.0 3.600745601364773e-73 
0.044673869649749835 1.6415472616681967e-67 0.0 1.8529954306228462e-190 7.989059902812037e-79 2.9979085683209644e-199 4.3593252475418694e-71 0.9553261303502498 8.693363985721005e-57 0.0 3.2464066642291087e-286 2.1197654680409927e-61 7.293637367498019e-60 6.003634394062492e-54 0.0 2.857284778885031e-83 0.0 4.374545014714e-69 2.828676693247604e-16 2.1578320486132518e-103 6.48302450064925e-61 9.258603695809912e-213 0.0 0.0 1.2522126771286598e-262 1.3611982790563684e-110 
0.23489295461040324 3.933365148816986e-262 1.8920628380261776e-109 1.757113358587711e-75 5.834518145795006e-11 4.967508792598132e-232 0.0 0.0 0.516541189190943 0.0 2.341143448960303e-198 1.1196087051971182e-302 7.302682114640436e-84 8.876596070425118e-234 9.966209868356201e-46 0.0 0.0 1.6260421484630483e-289 3.0705862944468854e-234 5.786804084898477e-146 0.24856585614030857 0.0 0.0 0.0 0.0 1.6213520765510485e-225 
2.9887152460619953e-108 9.41476812588962e-203 0.0 1.8709145475441674e-61 1.182676929489589e-87 5.630796573622643e-140 4.1053375081037856e-198 1.0514005771353074e-65 1.0 0.0 4.489174591371079e-217 3.883961347189255e-148 1.6874182412244528e-46 3.392283538558756e-173 4.454661322506209e-38 1.6956754104227298e-89 0.0 2.3636001247105273e-203 7.198915666411617e-117 1.4357291894280419e-38 7.20680772944673e-88 4.517466832557008e-157 3.432275445767915e-108 0.0 6.499686557948642e-104 2.963814085696826e-70 