# The number of letters 
26
# The number of states 
45
# The initial transitions 
0.047928994162362626
0.17135192931810783
0.0
9.906347783303643e-264
4.408063782975909e-185
0.04193473212060938
0.008639315483194028
1.2613256829208617e-41
9.174306849006076e-218
1.7831010667771678e-164
0.0636081441400642
7.029978963868817e-66
1.78470364869402e-43
7.183450147097773e-77
0.20425878603516803
0.059537830258878974
0.02181221342704845
2.7089309408590203e-28
1.8031821985815112e-35
0.05340156351443171
8.920469429419477e-84
2.2354500965772343e-15
0.008348230482108405
1.1428703996145751e-07
0.01753296968140792
0.0006231494517871593
8.501476417287484e-06
7.542061076603098e-263
2.9835860569334803e-07
9.329492781046685e-80
0.022021341608351307
2.27552305135975e-156
0.001002261936130621
6.382015728509485e-93
0.14676246516941252
0.0016368768233974633
2.7120281955346778e-12
0.06652005391114252
1.2030530830781144e-46
0.021570633066766185
1.0855214924479562e-17
0.02088297243661134
5.460167469488361e-105
0.012800032094505509
0.007816590753736558
# The internal transitions
0.16009450111228393 6.881254601859161e-125 0.006807287158322601 0.32149298686163696 1.2749187535332248e-19 4.907581970303135e-246 1.152079854770023e-50 2.166213962295645e-192 0.011303201243463928 0.18153009644472332 0.05469744459424742 0.23625533817308852 1.5133089701260843e-188 6.045035831454203e-206 7.873223051123676e-130 7.110962091068894e-91 4.685880198898025e-156 6.865813532019009e-106 3.52494487097066e-80 2.1683880444192004e-15 6.916060920384294e-66 2.2193752868611727e-24 0.018428354716507247 2.4553705710868473e-62 0.0 7.956839939607765e-208 4.91337903472021e-32 5.151876350343965e-62 3.53259120975347e-170 8.51786568481328e-39 1.3768446399629886e-114 0.000867039031225253 8.051247262143212e-36 8.824794099947145e-290 1.2021319386045795e-78 4.669583284237052e-88 0.0 1.4841434816250497e-146 2.053599459563247e-169 3.284381428373675e-133 2.1803040812862842e-156 2.1239179133656137e-141 0.00852375066449865 1.3313591348041874e-239 3.2787340434910688e-124 
3.2192049443633954e-27 0.0 0.0 0.0 8.73005778868353e-06 2.146128401850862e-277 0.022966370584724886 0.0 0.0 1.9427781623445385e-60 0.0 1.4160312608892025e-203 0.6325016226956185 7.037574299963042e-151 0.0 0.0 0.025363565384245237 1.347219220697334e-232 4.0262873696154833e-72 3.409800843209572e-204 4.411619358705888e-51 0.0 1.2340417524763478e-110 8.533861486731574e-263 0.035192036965110106 0.025708412432137194 1.4170776098896664e-26 7.149249831173096e-176 0.0 0.0 0.02023436743413302 4.294742884529958e-143 1.5235114090081868e-196 0.0 0.0 1.7548898265425823e-39 0.0 3.013841212108379e-36 0.07378412025290154 5.301764619683334e-09 0.16424076889157624 4.477485355490096e-36 0.0 9.573220649920934e-77 0.0 
1.2833268023376312e-50 0.0 0.0 0.0 1.5621989493563274e-89 1.7939971586067357e-67 0.0 0.019747578229315624 0.0 3.683334998835591e-277 0.0 2.747750739091755e-232 9.179499859976675e-109 2.0003064831133004e-162 6.325012292816659e-205 0.0 2.1194269682532888e-135 1.1955750746062828e-173 0.08639961806429637 0.0 2.2111620237063122e-26 0.0 1.1832235017175397e-22 0.0 0.007264085071204623 7.616602452530742e-60 2.2682742888170659e-100 0.0 7.605472294221863e-102 0.0 5.487750165592678e-113 1.8357351963596116e-306 8.53294145360223e-282 0.7500410330044478 0.0 1.039967066137835e-06 0.12361353657923785 1.0117601774140484e-114 5.069788023905046e-23 0.0 0.006264674359021015 0.006668434725410646 0.0 5.88669817518511e-187 0.0 
1.1225033876260706e-93 0.06256988609506486 0.015332934889923554 0.0 3.2754788062804774e-267 5.779963296875741e-27 0.008537316258112947 0.2282359509738599 3.3330874691784534e-105 0.0 2.792221917271533e-63 1.305657716653571e-78 6.70711489173202e-119 1.1755434325856348e-210 0.024166766021890395 7.848566569037025e-29 0.011118927248143335 2.193726723151827e-75 9.522306220699751e-91 0.027216703791271377 1.0016541389236731e-175 1.9158480190708315e-54 0.005396827685546581 1.665763149006594e-55 5.7488791435195e-91 0.0 1.060408896046133e-55 1.3639463e-317 1.3313631271564955e-14 0.0 1.7376944065666592e-14 0.0 8.530974762831395e-232 9.402184258854747e-255 0.018529217876179924 0.009753469960588035 1.0036914343432269e-33 5.466918386138709e-13 1.7997851508547364e-183 0.011720999641048403 7.25215991436031e-263 0.012232570101932285 1.6568563860124863e-65 2.771112746098429e-185 0.565188429455861 
3.86281234609181e-260 1.3380728045090606e-123 0.029356853519784617 1.5837688171785583e-186 0.0 9.779489451014676e-34 5.5193568664532566e-142 1.9875411011469546e-39 4.001499142759222e-47 2.1460265427803062e-151 5.383540883658036e-22 2.851439068446962e-106 4.990790488731326e-19 0.8277849931360798 9.258603881442746e-239 5.144269480522276e-186 0.0 5.431609305065646e-199 4.381425294744064e-31 0.014021828182533261 0.0037306487141647218 0.0007779615422413406 1.9393679418814358e-26 5.302247590072778e-42 6.1835679992406274e-24 0.0 1.0509769368838641e-32 3.7260397382226115e-87 4.082508815809801e-22 1.5716631379810275e-12 4.993496360232691e-112 2.657943405129681e-139 2.490926174800879e-268 0.0 2.632172227389059e-57 0.05427364691349315 6.0767997657521965e-34 7.015645494569216e-63 3.7312563584649576e-111 1.2445607946820118e-201 0.0 4.617042625131377e-163 0.07005406799013135 3.519189284353922e-74 2.1060604098069673e-64 
0.02547625173803602 0.0 0.0 3.782779202169151e-218 0.06117099661267329 1.2012731898726907e-233 6.242911644559503e-276 3.145356290685268e-166 4.27329671007021e-290 1.9931572829052866e-281 1.128409931049317e-39 4.783376523910579e-179 3.014171580086272e-16 3.2011593675931616e-105 3.887861170393029e-115 0.07471547042952134 1.4853369333613239e-124 1.0945541994643055e-278 0.03166518762688192 0.0 5.886939780332169e-16 8.109084442968862e-249 0.11548560914485126 0.0 0.07906783759433979 4.567137878631244e-07 0.011847682577240604 0.0 2.0443053158561393e-292 0.0 5.436215107124142e-84 2.8073050873663493e-131 0.0009957292396492502 0.07016351067918168 1.1173523742475097e-283 0.04307212815055446 1.1017149580353657e-284 4.0924707433454456e-66 0.19010401429727888 3.272849256892965e-134 0.10639899897691034 6.340896056934054e-300 0.0 0.18983612621909243 1.7274263262983677e-270 
0.01718884786094503 0.0 0.0 0.021657843503305296 0.7176410577100395 1.68217921421807e-224 2.3213525939852146e-96 8.655276046510961e-232 3.094011464089108e-75 0.0 0.0 6.518817662930752e-67 7.006297650548383e-38 2.1829180366900954e-150 3.566531445958759e-57 6.145610614069165e-151 1.485012414510958e-45 2.3716520568299837e-197 0.1539978916119859 5.458932314723997e-51 1.5107300922395453e-78 2.3767806480852243e-114 9.914278244575709e-74 5.582820943059067e-101 7.210465324928217e-76 0.0 2.012565356737005e-49 9.232744623533512e-282 3.703829108287086e-229 0.0 2.7839170706385764e-41 0.0 1.7486533211463706e-62 0.0 2.948478072425337e-219 1.5147199416674133e-65 3.605893316704682e-213 8.771274834639438e-182 4.107930638088893e-13 0.04041606489959246 0.0 1.7023816680921247e-205 0.0 0.049098294413721 4.941193406258729e-86 
0.06523652075244465 0.018262941074665928 0.0 0.0 1.7937285515066762e-72 4.559711835096165e-159 0.0 1.3235232596427438e-129 8.317312992736361e-250 0.0 0.025263380212237948 0.0 5.024155192375653e-75 3.5119711706315405e-181 3.33992447173762e-96 0.054836940217596726 1.0013221778825856e-19 1.7845569556963547e-301 9.59770239251599e-93 0.05509356544680147 1.2120070193562146e-32 3.86542739174403e-65 0.2364816012380187 8.409883950849159e-161 0.06221362007747151 0.022701232109066403 0.0002465820746476914 0.0 1.9213799597578945e-211 0.0 1.5277122592718297e-82 1.0830399751857413e-304 1.8186384787826376e-170 0.0 0.0 0.39697819113515065 0.0 2.663440324286609e-39 3.848713942709893e-77 0.011976344187268822 0.0413039197666885 5.240454948991585e-287 0.0 3.9361585146275246e-17 0.009405161707940934 
1.162524014707352e-112 2.8975185434135914e-95 1.4081069350058658e-287 0.0 1.0682671633266247e-204 2.3326338622177045e-05 3.201340581158493e-243 0.4616329784240822 2.5944274310862935e-148 0.0 0.0 0.0 1.1977339396412538e-148 6.671294669562783e-193 1.1975855761572094e-56 0.04050351619284065 5.483975329757998e-134 5.008617437860897e-199 9.509712783840565e-117 0.07911448582457213 2.803817327441812e-85 1.6544397402259084e-76 5.1411370925562344e-21 0.2755275095260186 3.705612964785653e-139 1.0513982143423729e-273 8.75807838295775e-50 1.1837435493089386e-290 1.142533805490018e-40 0.0 7.305143741015035e-145 0.0 0.006755130694260096 0.013681366159763878 1.2871837026718272e-249 1.3715609330413605e-66 0.10897388091123561 1.2362895044797687e-73 1.8694288137784597e-228 5.854383297671176e-264 1.5365995887507333e-174 0.013787805928604707 7.389243038936447e-229 3.0418859833280404e-161 1.6354823293238131e-65 
3.7413272679908773e-171 1.1874421749442767e-43 0.0 1.7325404165920813e-106 4.579013704497829e-53 2.5596924325627487e-84 0.20704077722336797 2.3260970671044026e-84 3.0536499690786413e-71 3.547716124359822e-208 7.552705082081363e-207 7.571119690820457e-65 1.812059678015992e-256 0.0 0.1364592752371386 0.06450592674958205 6.558431509352981e-124 2.3390050368972234e-45 1.1046193524305664e-172 8.648505728871058e-40 0.16802511476126622 9.247373199215906e-40 2.9969816560259578e-58 0.08364683269116915 6.0007047256677485e-263 0.02227228343403534 4.620185285060386e-275 1.818629730159623e-231 2.4044189664696823e-104 0.0 5.8219717940952323e-154 1.094056929831114e-267 2.2940542128224245e-163 0.0 6.248044973184012e-117 1.8755644775453852e-93 1.8661278726831625e-89 1.1956314097071655e-42 3.9202342426187388e-22 1.266877025122349e-193 2.5106259041798073e-280 0.0067407103727237586 0.3113090795307168 1.7462454980282544e-265 1.1020584319035437e-69 
0.00036711974750361825 0.0 5.147437355526604e-192 0.0 1.868042324824351e-34 2.160483100154429e-290 2.9461530879702315e-230 8.617800578907722e-241 0.0 3.0261487511387906e-252 1.4392742595310786e-164 0.0 1.761395970268859e-168 4.773746372205134e-236 4.4348835608284585e-227 1.533160310595005e-285 0.03600662087597855 0.0 4.195626467319549e-114 0.0 0.04154458147143517 0.0 0.9206517173654941 0.0 0.00012301736776536472 2.100438585933482e-139 6.035959166063592e-59 0.0 0.0 0.0 1.3202202423909466e-102 8.296097556001755e-232 5.881399723662011e-67 6.7681519373254e-311 2.5242517082962493e-260 2.57732128578251e-66 0.0 1.225445110298448e-77 2.5139704245743183e-47 0.0013069431717504616 7.289778513525505e-14 1.9651192620632662e-119 0.0 4.049026507564235e-133 0.0 
9.32973566196573e-205 0.04582401023749464 0.0 5.146071572933034e-252 2.4233240749739665e-51 1.6786376470770346e-19 3.6368038648189676e-57 7.102299649330287e-07 2.636844158303521e-15 0.0 3.0157152561499824e-113 0.11510599953855181 4.189428229981316e-139 2.3440835533927e-310 0.032673067735965435 0.026961347507481845 3.148180382868175e-72 5.387876915049133e-80 1.9969379662975792e-182 0.06767796091391558 0.11277326208336852 1.9498576131340712e-123 5.264279739944003e-05 1.268698474788421e-37 0.010329266942578524 1.0743369616191747e-216 2.352308348039303e-149 7.709471711464303e-279 0.16279280112646952 1.26605934620036e-309 6.880826161950981e-93 2.661772633073347e-141 1.2048323522671997e-112 0.0 2.6930644542086158e-58 0.3868901245323391 1.245662235204201e-28 1.2097360166643646e-49 1.463738082556098e-218 0.03891880635446805 0.0 2.0434266418032333e-33 1.114933565540856e-121 6.590310817251811e-190 1.2458128669146479e-42 
0.004233566336046032 0.16709872670922513 4.431865936440961e-208 5.297370426276415e-75 0.0 0.04256085284464428 0.010197219084388295 9.477547222828709e-22 1.1280509830648922e-193 3.310021712256117e-157 0.04002416704027987 3.7271059945458705e-121 1.8160886417005552e-84 9.684033051082119e-130 0.17130854007109117 0.04524027367014504 0.0 1.2907256735483425e-114 1.3582520659999133e-16 0.14313567246033035 0.0 0.019248503130238855 5.6449521899924764e-24 3.971035541789517e-67 0.0 0.035515368867610114 0.024829837477460242 0.007657723550857278 5.601262086865099e-17 9.114645148874362e-48 5.1779986351439196e-139 2.395871074554734e-122 1.446988943814487e-70 4.1002108936302625e-135 0.08121985106188773 0.002981803546563917 2.3830240409679413e-261 0.1366121114768218 0.0 0.0 1.6505940424944588e-16 0.06813578267240963 7.573804199928519e-53 5.531279476560192e-131 8.154866482350641e-67 
0.0 1.135216440950104e-114 0.0 0.025113985817070285 0.0 3.6347297954752014e-82 0.011825401282617373 2.341693089859895e-55 0.25616230323450473 3.2128789397466427e-56 0.004111435924084797 9.016775516154376e-131 5.107182963041919e-43 2.0429593251627943e-139 1.6447066898695063e-48 1.7850141779761655e-136 0.0 4.775372205450402e-34 5.4886793770004645e-24 4.641293162288313e-46 0.0 0.6728753210573821 4.255798132358929e-53 1.243674809374738e-44 0.0 0.0066907920940587305 5.726664598790067e-09 2.2333037174443446e-07 3.675892473119613e-82 1.2734750446858136e-53 3.2253981094459763e-13 1.3304361055102288e-161 2.6307644300809673e-166 0.005503023097998394 1.6671926103138053e-94 0.017717487973170236 2.4365390887071392e-67 3.944234695731321e-105 9.882106284606825e-185 0.0 1.5073274819028816e-239 3.269657496325215e-32 2.046175428390165e-08 4.7968014501131526e-79 4.0981064409614356e-22 
0.08898320230424085 0.0 0.0 2.2824311172572948e-212 0.02550015458561636 8.232770334433407e-219 8.514592021211301e-209 2.625549780743249e-280 0.0 1.8904843809755754e-205 0.0019777355308979497 1.5283413431428627e-211 1.8885899449313637e-39 1.6648646153739774e-158 2.6942586743312856e-204 0.003117217165621026 0.12213214794169443 2.5617580677430178e-194 2.331412252532119e-19 1.2521976640706294e-268 1.4051614199313394e-15 6.99452507639581e-244 5.926985060872829e-42 0.0 0.22532885161866376 4.930241758167129e-54 2.245334837904915e-15 0.0 0.0 0.0 0.16770725283742796 1.9418106217467337e-187 9.649193861938889e-119 0.0 8.959560680020753e-135 6.969931103525143e-14 0.0 4.923991778105961e-91 0.3191654246467081 0.04608801336905619 2.45679716005698e-55 3.0162283667493087e-200 1.2737524992444755e-278 1.5321294299911761e-61 0.0 
0.13690820670079654 1.2636206767635677e-255 0.0 0.0 0.2813353341379489 8.928640644271776e-229 1.5095675914886456e-191 0.0 8.434027943091342e-235 4.375567683185938e-255 2.8394065640057055e-248 0.0 1.3340179419048661e-55 4.81307096662911e-70 0.0 6.742537548306556e-106 0.10275974864411222 0.0 0.009530194917886751 1.1254445234000898e-125 1.1013641352794372e-40 0.0 2.352547063476877e-12 6.862415466323099e-131 0.4127120258803869 1.495410021157678e-07 4.5222686285730786e-45 0.0 0.0 0.0 8.842462494456647e-59 0.0 6.747112407330199e-140 0.0 0.0 1.5841339978841504e-52 2.1833137163926637e-289 2.034565755722979e-123 0.05675430888635696 5.2116717412479004e-51 6.369910404838487e-132 6.091363905361943e-196 0.0 3.128915709826227e-08 0.0 
1.2452593369221842e-234 5.393113531443349e-199 8.312282165484578e-32 1.7348509606201012e-64 0.0 1.2889490247580973e-58 0.008342308141240788 5.4541144300799545e-52 0.09869370111230712 4.091174936641458e-52 0.00881794506227377 1.1377413529789693e-55 4.313177522543998e-21 8.99093673908285e-50 1.377805424148384e-54 1.0110913383254431e-257 0.0 4.3353631056532806e-157 0.08379087440310849 0.016923317608735836 3.80816e-319 6.00868017775575e-118 0.00932340709661119 8.055869389854059e-88 0.007315472182013127 0.0 0.020808112039487816 0.1492556468391216 4.970639238513513e-66 0.5719246211042521 3.1973990457795676e-126 0.00573034730915057 1.5106453380618924e-203 0.0 3.11288377814e-312 5.283083272564454e-34 2.7644855863180276e-33 0.01907424710169678 2.174780358860776e-38 3.2474479728794395e-127 5.467443547072697e-270 3.007699919664794e-88 5.0422658110502965e-74 7.686169609474596e-141 7.724991256295847e-16 
0.0 5.31098300117477e-25 0.0 9.754951337772421e-62 1.0140548522375139e-100 1.8211459939286764e-121 3.239798801863238e-119 5.909174799326791e-114 3.3022769131619575e-47 0.0 0.03880838806684957 2.6032126233719013e-108 0.03476501894805265 3.3604677777597935e-142 1.2493433519167755e-87 4.410233889394039e-207 0.1299768824581871 2.6158491455141185e-86 2.522027695651334e-78 0.014526851291482276 5.4173892200898166e-11 7.391766543906765e-97 0.16117244880462422 9.488538155447971e-39 3.50006982579671e-108 1.0249406295840953e-188 8.815703131453851e-88 0.0 4.947632398098636e-133 0.0 8.605382182364253e-114 0.0 1.153637973375568e-204 1.3332558591237195e-235 3.909945902998399e-144 0.6207504103766304 1.3433099379152719e-109 1.2007998856893098e-307 1.3410401926571333e-173 1.2512040755108071e-235 0.0 2.2976630085153445e-99 1.9627927474061555e-161 1.6079383221223408e-60 8.080063562168672e-83 
0.0 7.742321815752469e-116 7.12666623743487e-179 0.0563957854377351 0.0035694109479417306 1.7705387285034523e-62 1.2779674143726523e-132 0.02378271427190491 0.3013620697513118 7.889115671032942e-122 0.005298282186494136 0.13565452880097154 4.4104823695049586e-201 1.956669390581186e-207 5.150436034165297e-85 1.772139658344076e-90 3.8518540831893827e-75 1.1503597193478437e-07 1.398936732903686e-128 4.934868216216962e-32 2.939135151960929e-86 0.1545126145617896 8.466313515415881e-217 5.354953345737865e-36 1.8773755337899397e-248 2.952361546856915e-137 2.6439694588070966e-121 9.48580137378421e-52 1.1638530430953734e-65 5.536247043404767e-16 8.464473111551874e-121 9.622888944198094e-32 0.10752278583961113 0.0 9.69286366760256e-47 5.2096540992529576e-186 1.52580564919753e-73 2.02502478938242e-98 0.0 1.0363962324792532e-202 6.166745439956365e-115 1.7473746334625695e-94 0.04953939880104068 5.207454157171421e-193 0.16236229436522692 
0.033569245828719375 0.0 0.18248677343270264 0.0 1.0892550718521848e-44 5.3410694782237676e-09 1.171352476323873e-136 1.9983076086243576e-05 1.189479733880082e-256 1.4196395490586515e-209 0.0 0.0 1.4832316414186455e-09 2.692363617288691e-262 1.8078737645178687e-137 2.632202763821365e-78 2.345470812867856e-34 8.011040599780227e-106 4.12517214850075e-08 5.810092777112589e-184 0.0424907000757083 6.2645481661392865e-301 7.06326454701043e-38 1.1433781990262377e-70 7.350935738071617e-33 5.828370135712204e-205 5.866849807857914e-91 2.699355251377844e-204 0.5559558468972585 0.0 0.0499283500361297 0.0 1.2509618903932332e-21 0.0 5.168540496600669e-134 1.1366628048227136e-80 0.029943958557857617 8.186443798142805e-131 2.5961723421353107e-38 5.685894416116699e-227 0.0 0.10560509401951512 0.0 2.0708126682833296e-88 1.2383019466262213e-201 
2.3235049124566335e-30 7.3247190423900275e-96 3.5198808296027354e-40 1.634667159929062e-116 0.0 5.250604262859257e-91 7.958727435523227e-94 1.3701257449395282e-79 1.6617753323891252e-37 2.0690106873285092e-159 0.028796899517945684 1.7083596228217957e-78 4.111731349780731e-31 1.0302981377897299e-100 3.1519507089799373e-159 2.758026640127773e-282 0.0 3.520365829436674e-123 4.490128770931361e-75 0.17158995721018663 2.097172998176164e-202 2.5560389541220294e-87 0.09414019393542462 1.2581134594291474e-74 8.707915229233128e-17 4.163521828077637e-282 5.5526309007113446e-11 3.013564838306583e-122 9.428302396787069e-42 1.8293085816158447e-12 7.4434446698354e-89 2.2433252963592784e-248 1.6374364551397881e-267 0.0 1.1102861776019414e-108 0.0065556798001758865 0.39962351039890864 1.9183528819798332e-145 0.00021328337352482672 0.015085326618323801 4.08527324e-316 2.4039577804357836e-90 0.2740428741779544 4.2888414772312036e-89 0.00995227491019977 
0.07947183439316323 2.0603209222353474e-126 0.0 0.0 6.104900660127002e-172 5.474178330530251e-51 0.005625528960885345 9.949692481134013e-45 5.08589094769624e-93 4.374594499436246e-231 1.0850944134216702e-291 3.0419427939074324e-254 1.1238977862671305e-82 2.1081660018977175e-181 1.6826159610765358e-80 5.934964361959092e-26 1.4090994645868787e-49 5.9268298347655895e-242 2.7994010897271877e-77 0.004045847262619983 1.1439152439768357e-82 3.194436833490477e-94 0.10124030322198435 2.6370805169194912e-39 0.04468900448384579 0.0 0.03635040960384921 0.0 1.2745676949322845e-41 0.0 1.1588082199603236e-123 3.748610567484628e-283 1.393947e-317 0.01809507080859696 7.594838297918022e-237 0.7041139829264202 1.6100331811077748e-37 4.379837997347066e-43 3.282895184687449e-134 2.0379546168415684e-137 0.0063680183386346945 4.9277984009596685e-49 1.3954217529846502e-278 3.978211320409942e-103 1.2106270844257513e-123 
0.0 1.7308989169927832e-158 2.8743280178517634e-190 1.1909333043867872e-39 1.1273656978e-313 6.572864416220785e-93 3.9131275891170813e-19 1.111923997055638e-24 1.7966500221117732e-61 7.24750984305484e-16 9.78569742779923e-06 2.585724785724123e-32 4.468639427389153e-114 1.255355172459267e-199 3.567049359688691e-135 0.0 0.002851729995778553 0.045043759528893355 2.6384940661442135e-120 2.231057741471723e-120 5.634850565982538e-235 1.0643356327532186e-82 0.010532399591683566 5.57168264075964e-137 1.0881023410372345e-186 1.4932753385577323e-30 0.04731133321779176 8.421631938735702e-32 1.523001432952195e-143 6.928954218948888e-27 5.583590688655356e-104 0.8942509919684243 9.525059293037534e-109 0.0 2.9160273910111824e-84 7.441558341236166e-38 5.862167667914459e-142 1.2299278456081146e-45 5e-324 2.508758740205991e-59 1.8435462959447382e-37 1.4706589474872321e-105 5.064810182331091e-28 6.243501067320626e-146 3.863543833341514e-164 
0.1689283448610629 0.02362846526081687 3.942453106576528e-14 0.0 0.02821640790546638 3.2537344065932753e-26 3.4721130976547693e-50 0.15894992278556036 8.672854577974989e-285 0.0 3.318007110752747e-242 0.0 9.4215749293086e-97 1.0918209865476483e-197 1.6064622235749419e-220 2.183259751150206e-157 0.05494012927978587 2.416277827275891e-157 6.557025263044905e-132 0.0 0.026682554010031955 3.0217228813943854e-50 4.1850014588077926e-39 0.0 4.4648038625524066e-68 0.0 4.72533377227226e-56 0.0 0.041202736171697105 0.0 6.542172751963311e-104 0.0 1.0653400820139254e-296 0.0 6.39939700364e-312 0.46698345637913524 3.412786295110061e-75 1.279349995822666e-150 5.269018992745438e-79 1.1378280150977762e-63 0.0 0.030467983346403903 4.6304620179018496e-164 6.073062888530187e-151 3.375472886444995e-197 
0.0 0.004897598062683725 0.07328919270163126 2.028124008239251e-09 0.0 1.5368574365014505e-19 2.6314768588959304e-107 0.001561670892858735 0.01719783151215355 2.671152240814876e-32 1.5393949873906683e-116 0.061669452366078986 0.0 4.973606131484451e-285 4.287805853420054e-127 2.990739752596857e-86 2.2792536167268513e-296 0.11368185646053 0.0 4.010390254349857e-24 7.039736482523183e-229 0.032651670711596144 0.0 0.003386209287718872 2.0429430234799716e-107 2.5087045347059306e-67 0.0 5.8635177593114245e-33 5.05696936892506e-38 0.14772557348273185 0.0 9.349588211497562e-34 5.142102857177756e-139 0.0 2.868820991691809e-28 0.0 0.0630887323057577 4.4891592568446925e-109 0.0 0.39847796937489693 1.4722002255017069e-150 1.2932372719489603e-102 0.053759788947901524 0.0 0.02861245186533683 
0.0 0.0 0.05423938089542943 1.0981851870564151e-55 8.396766381457291e-260 3.170432715749101e-05 0.0 0.03082287013753282 0.0708263546273671 7.795921433258599e-191 2.4426179630548376e-126 0.024366996509061854 4.074891963780857e-66 0.0 9.873887556751055e-83 0.0662794727713478 0.015112549482746405 9.900473810374998e-82 0.0 0.07209603165028668 2.3279349254437236e-136 1.533920040801156e-22 4.0058579625678753e-81 4.331396553551722e-20 0.0 0.09011653313623984 0.01595333820858584 3.8099516175821992e-34 1.91337660376881e-65 7.0011572487038585e-109 5.635742677117858e-235 0.5450417275532918 3.122746094861574e-79 0.0 1.1795041547929915e-190 2.1215986255129618e-125 2.8541312927738465e-09 1.0507267883789467e-21 6.180715721690239e-209 0.0 1.4279921939013267e-11 2.686549057107337e-242 1.2521694752027663e-78 0.0 0.0151130378325415 
0.0 9.770169172437619e-145 1.692448384143586e-58 3.5604362562795684e-05 1.4098369481540023e-251 1.2863713114929222e-123 1.3284179969317719e-46 2.130025616248352e-68 3.5501596421162584e-32 7.53438594968618e-68 1.2331817266069795e-35 1.0553298830459074e-31 2.635377568338767e-93 1.84784576620055e-218 6.263666289807335e-111 1.5098606626873816e-294 5.543219496826962e-268 0.15776047983866998 8.863978798239507e-59 6.602100514133981e-52 5.5777906888138294e-241 1.0093074239604784e-35 4.593912304028788e-106 2.464495197058095e-96 1.7438821358096604e-242 0.05830282202630717 0.053587761493696394 0.7276731692998107 4.2281479302896796e-131 3.464521523592308e-16 8.793832450109808e-11 2.5090693626050415e-17 6.2638519179866314e-96 0.0 2.1008480248843356e-141 5.833075767662212e-192 1.675408195645161e-118 9.481823614642602e-90 2.4465906504049657e-236 3.811098997089564e-102 1.0014068615422706e-35 3.5977398211331355e-95 4.060104139609237e-28 2.0397489234306724e-22 0.0026401628910141185 
0.004735359474501649 0.00019052334723489172 0.0 1.4592027003949796e-13 4.924031933916987e-77 1.4005033666700403e-19 5.906790976278397e-89 1.1108552424762747e-10 5.353579513050162e-36 1.968263636219823e-301 6.959465830855048e-33 7.730939994517566e-66 4.523604915997197e-127 2.286042140703899e-251 0.06932229696869918 3.1735464875794492e-164 2.4419600444587492e-36 0.35492987531693715 1.327551165991014e-133 0.0357795980060561 0.06479696166463812 2.3936892263137846e-56 8.634103797694047e-38 2.0814058857478843e-17 2.2891023471272897e-113 6.856544866359737e-248 4.0077401834e-154 4.256977790701641e-282 8.990867250126348e-27 0.0 1.421859549184455e-196 0.0 4.578255366712593e-252 3.0189199220468526e-47 1.4821308556614294e-61 9.407017636396144e-58 0.03739865866257341 1.063382121612149e-223 1.9627149702562128e-154 3.1817566652189426e-173 0.0 3.6403094931912136e-44 7.571397071350068e-65 1.6879917550268953e-138 0.43284672644812805 
0.050953544784652915 0.0 0.0 3.6370859757788697e-87 0.03467419370665113 1.465011466889762e-290 3.3846785883805703e-196 0.0 0.0 0.0 1.2693928488902737e-149 0.0 3.522196989440156e-85 4.974689176732568e-137 0.0 0.0 3.756910939690897e-128 0.0 2.9248474824778824e-17 0.0 0.027612707724218206 2.5717901832073124e-222 0.06581387819184654 0.0 0.11980003941776343 0.07861630218270621 0.3157417437301096 0.0 0.0 0.0 1.1100099228286922e-119 8.546438717553133e-283 4.234638050980663e-183 0.0 0.0 0.00888044189782949 0.0 1.3884946136260526e-58 1.9725337886314564e-88 0.021672468220114337 0.15256314091569437 0.0 0.0 0.12367153922841372 3.337880646561165e-89 
0.011233458961413024 0.016075229803995547 2.0634057965565606e-60 1.5322729343209787e-54 1.971917717894551e-154 0.019834982225442586 0.0046316787983160124 0.09497515303287388 0.05295831354965009 3.510507127212665e-179 4.6848028723560335e-63 2.39613351653642e-264 2.7492003183804813e-68 1.033396335753558e-153 0.02821982389071761 0.01942814383311019 0.005110363924403524 6.60676342329951e-82 6.852088889355122e-24 0.058762389350553786 0.07675261696208466 0.051425859478412383 9.478125777697898e-18 0.02863671734656206 0.02214678731768563 7.732613605873123e-150 8.555077997315397e-84 6.11885e-319 3.0402591822719443e-10 2.6492831909544023e-156 0.00506650290250751 0.0 1.8300989394199628e-184 0.0022788016730601315 0.0138815758983048 0.01119402877838305 0.03040814020907026 1.7678422873938314e-32 2.2859970928827084e-120 5.87524158290354e-45 0.0 0.00776224055301609 0.29059866742196255 1.0077062325696743e-114 0.14861852378444868 
0.0 2.072013640689563e-95 4.616004587707459e-67 2.2113206571670253e-67 3.223903537427808e-215 1.6948469166560546e-72 0.014858851179260715 2.530830241483164e-22 8.827671291326014e-34 1.781870557789061e-85 6.763669595944434e-73 0.014655987294601068 1.906549294114806e-114 7.2808521226674494e-211 2.1622090539947187e-84 1.0054140629514127e-64 1.5672019859833175e-69 0.0261598599944379 6.58352080991164e-103 0.033635449339727445 0.021407462159027325 2.5837272424354754e-55 0.08364471946621206 1.8283107378562435e-59 1.0923129776948606e-126 0.06543441417986426 7.224491378077432e-50 0.013805826621139963 7.74896624706053e-115 0.07096492385709564 2.3707529156484867e-141 6.131311665648039e-68 0.6116561240280702 0.0 2.2064663999585775e-159 0.04377638188056332 2.1772430247009498e-32 4.7526983646923067e-70 4.073200253485874e-294 1.0150049752633842e-116 5.005168725593667e-126 1.4187362962883281e-80 9.898530106076421e-92 3.924784329398787e-141 3.719405283240761e-32 
0.026224787378606264 0.01488275551197245 0.0 1.1155796433797555e-158 1.1806151011206503e-55 9.613715655250767e-32 0.041617395309787183 5.335122104084422e-29 1.091138271986738e-42 3.491004155165278e-147 1.0660587818130909e-30 1.3115217040343458e-49 3.8008897983848488e-93 4.5013214589241164e-117 0.09482592128464915 0.0454703431907387 0.04683192570513329 7.0209842482041e-141 4.66643499128458e-09 0.05623891037757577 0.005388866189392656 0.04539780621716706 2.034506207050168e-102 0.18315154832678388 0.024530806036979665 0.0 0.010943703059661075 3.290070014245652e-257 0.04231618099835516 0.0035887223461429987 2.338958018360701e-130 1.1982764102999512e-217 1.1442930243956844e-192 8.803787928904263e-46 0.04209688197131199 0.1497009781550886 0.03837561984899573 0.004916342841707602 1.220662691874219e-152 0.012778020448726696 3.440341908313642e-256 0.00458049197022219 0.024794480414417827 0.0013692199482574828 0.07997828780189134 
1.0539239048176612e-162 1.807386314457741e-21 0.01372192439928192 1.1478019773383516e-33 1.855953537886096e-141 5.14361198218634e-27 0.05563836420286519 0.34793811635911376 0.057694022805494585 1.7758519899315435e-259 1.0982743140965554e-188 0.037838039281468665 2.161155308871714e-71 3.154395015218917e-212 0.009347213491352657 1.4857019241544581e-149 5.193464479540156e-56 3.636849464454779e-98 2.0711921350056e-129 0.02069180003349458 2.1770226835120757e-80 0.08987132236749276 8.925679560723242e-112 0.03569264270314942 0.0 0.0 2.8941610391866647e-130 4.266228802184257e-131 1.5111764240866193e-17 7.660437804322534e-89 1.06604159318424e-176 1.3552761534570397e-85 1.649696618015824e-165 0.0 1.2079447774951533e-158 0.02096885798382872 5.281796135658843e-82 7.804469670144833e-22 1.4913476221369715e-237 0.0 6.7319313328364625e-68 3.0108794599615714e-49 0.01710524028476323 4.284119475469049e-133 0.2934924560876945 
0.007978599153917399 0.0 0.0 0.0 0.025223617591670675 9.615035172039384e-18 0.0 0.43419126480430414 6.66437489044039e-298 0.0 1.1344532827916909e-254 0.0 0.0067337705246028855 7.946486099862983e-95 0.01089377724569893 0.0 0.058387150014893426 1.463903181837725e-192 0.0481562511378911 0.0 2.0941762477511072e-262 1.3833117865971523e-97 0.014651476402705928 0.0 0.12078831811389625 0.0 2.328546357963431e-41 0.0 7.275278903095117e-29 0.007463555327669402 0.13386661009099451 0.0 6.082447613369239e-166 0.0 0.0 4.643351493505876e-93 0.06714683926290364 2.4159999243785035e-08 0.022713376324221192 9.206942082526508e-93 0.04180536984463117 2.7685756431077657e-277 0.0 1.7643941895220178e-65 0.0 
0.3783443971252586 9.908294984785316e-244 0.003487134944533176 0.0 0.031465735822593204 3.6605482276e-314 2.2615838326433534e-46 3.224691183830287e-294 0.0 1.4391703790780533e-151 2.4669514787448682e-228 1.3185123446187708e-17 2.901130792997283e-223 0.0 2.1173432740624473e-67 0.02127211709361024 8.834146779071276e-46 0.0004499845494752919 2.863006395121209e-128 0.0 4.8714286161204415e-62 4.349201508905181e-245 4.3436892405598576e-17 0.0 0.06434582778913914 5.352112693777759e-97 2.8468672904100054e-231 1.1371089398065713e-184 0.0 0.0 0.0643203135163475 1.7303732930806198e-156 9.56596851062916e-211 0.0 9.112816160778506e-265 0.020166658432122533 0.0 0.012459618882377111 2.2476493010565756e-97 0.08745996035149914 0.21166757223449378 0.1045606792585503 0.0 3.1118446973434018e-224 5.854129468207574e-37 
6.732363870488845e-218 7.628246437285868e-200 2.073016340719325e-170 1.9538139640105797e-33 0.0 5.459327501810414e-59 0.08864064682043098 1.985642828258058e-29 0.01746015234929366 7.824344839643167e-57 5.577117764675779e-45 1.9708041384841956e-47 4.249356708589918e-181 1.007990929777107e-250 8.442106585118442e-88 0.0 6.049078037572405e-35 0.02866594128272526 9.13389656834957e-185 4.6964251170439015e-37 0.0 2.8281058192477208e-129 0.00419945291586789 4.440392717107698e-119 1.8874114408791636e-234 0.00421046557689992 2.0585464498784306e-44 1.0359557325237061e-35 2.0939732366688002e-123 0.8466743413929528 1.6224577545266872e-148 1.32049213827528e-20 2.534372852482989e-161 0.0 3.4308140281057793e-199 0.008556645706282276 6.786089184579666e-112 5.4267051623223015e-61 1.6671097987543402e-250 0.0015923539555472322 1.1861659199096345e-35 9.354652140331879e-127 6.209931311457895e-78 3.4379400702212385e-192 2.9148807095026953e-193 
2.6101702241002672e-157 1.9459266598422324e-263 2.384947546813e-311 0.0 0.7023598943983301 2.111639286218676e-171 0.0 1.6084764959794134e-168 0.0 0.0 2.1206555123731713e-140 0.0 1.7496697747961592e-112 6.146854803888322e-227 0.0 1.399132767206682e-233 5.238706857953587e-60 0.0 3.658099234381065e-74 1.3985229761618214e-220 0.0006892742383056095 2.582921840322893e-193 0.059275399411155734 4.7997675498158894e-253 0.022973679366485616 3.2404838835908556e-31 5.709895696483095e-81 0.0 1.6118698983912278e-235 0.0 0.21470175105738687 0.0 8.591276182920707e-167 0.0 0.0 1.5283360296276813e-09 1.61816428968801e-291 4.7578516234338967e-278 4.699149075693268e-173 1.7490276637791108e-110 3.477541497598555e-198 0.0 0.0 3.1257648195630914e-28 1.57619328400564e-247 
0.08165691415514603 0.0 0.0 0.0 0.05155589023420102 0.0 0.0 0.0 0.0 0.0 6.099114587124484e-196 0.0 6.008940762200302e-43 1.9547713991593826e-120 1.406049264384734e-244 2.741675199049587e-08 1.116152651657838e-21 0.0 0.0013412717014783093 0.0 0.03138603882507731 0.0 7.23872329336338e-45 0.0 0.06813669619972333 6.448601488375223e-69 0.01761784336421055 0.0 0.0 0.0 0.0937482112273095 0.0 0.0014130695047314377 1.1326238607272971e-297 0.0 5.732612234505565e-44 0.0 1.1747563293056725e-201 0.04263772992804216 9.370574539991839e-32 5.404268685513465e-293 0.0 0.0 0.6105063074433282 3.067266347024184e-194 
1.4215302403503212e-22 0.024918414814223407 0.03936339588470795 8.593384063271745e-21 0.003838156688539834 1.7589445221828423e-49 7.330996539312791e-136 0.07897204821530682 6.9107226030021245e-09 3.143882737879018e-40 6.459947778942816e-31 2.9561324012106357e-16 2.6735671296042174e-66 2.5324964476256696e-96 4.3265499755783975e-43 6.994586560448401e-05 3.3072190890756487e-107 0.019572354837575023 0.4956503537738195 5.0279143632814195e-67 1.49744671913699e-188 0.03451221097926185 3.0337205949194768e-19 1.3676070084293024e-104 6.125463356012486e-195 3.2618123726382287e-54 0.04229670144081204 5.5569469623763696e-58 4.623416493789887e-50 0.05286967417208788 8.192401691200199e-29 4.054218944053937e-57 1.0330058345443098e-83 0.0 4.264374779594173e-68 1.1193468755092286e-05 4.227020649422385e-122 1.0692975203240252e-108 1.8445031518227957e-114 6.1565455249556896e-58 3.59896633800969e-181 0.019994552763369557 0.08850509287760713 5.5654529402403596e-49 0.0994258973076067 
0.0 1.7151138512721038e-15 7.79387884127632e-94 0.32038605149926463 0.0029177592903190464 7.205231156558267e-14 5.576629025555452e-102 0.029600817968124013 0.19213938692500485 0.033917343245723486 1.1095140393709953e-90 9.329658665119901e-23 0.0 0.0 2.3288077772335214e-88 2.441281508350641e-66 1.50678932437293e-242 9.626903516353435e-44 0.0 6.528534931539202e-68 1.139515695409689e-37 8.301644496382636e-55 0.0 4.364088236001439e-67 5.2154535146330366e-248 3.7434715368053287e-221 0.0 0.17775476919101857 5.817101592725883e-07 1.3172664156593133e-17 0.0 0.23382530384039396 0.006114481300523371 1.8753297650829736e-280 0.0033409717939969605 0.0 1.839831952759827e-32 5.469550029594732e-88 0.0 3.3124545527486354e-107 1.114459749164523e-48 2.882100356253922e-103 2.5332353979004677e-06 0.0 1.8658217687886658e-17 
3.5233715496644816e-17 0.0 0.0 0.0 0.17599139364301733 0.0 0.0 0.0 0.0 0.0 0.0 0.0 2.287517345900789e-172 3.0096870837163546e-103 0.0 0.0 0.005420369375900591 0.0 0.138931866076837 0.0 0.010510807457566843 0.0 5.084327478543838e-226 0.0 0.2666162143896683 8.844299704373345e-58 2.2254948703516162e-144 0.0 0.0 8.10081569147023e-296 0.03299180665685866 0.0 4.737172624454476e-224 0.0 0.0 0.020372410918726915 0.0 0.0 0.3491651314814243 9.413696665842992e-32 0.0 0.0 0.0 4.467499570147443e-21 0.0 
2.601677134458223e-36 0.0 0.0 4.764471045880993e-188 1.93063364188938e-82 2.580911288392511e-254 0.0 0.0 2.1283601933504827e-209 0.0 4.621031573e-315 4.995058086354496e-309 1.3239799759160243e-60 2.1084700761357323e-123 6.956033088249623e-301 1.4833496736999382e-155 0.04577014918411048 0.0 0.06578302208022299 0.0 3.608834160624913e-08 2.5907509264006283e-283 7.754206835853746e-35 0.0 0.3589115888091447 1.4070266696362999e-75 1.3620992282343545e-126 3.5100023889803884e-306 0.0 0.0 0.15354815936549093 0.0 0.0007849168812143168 5.917244634039938e-243 0.0 1.0083992645639322e-118 0.0 7.872283888279683e-260 0.10499690880174443 0.06013018704512069 1.3069605408847464e-179 0.0 0.0 0.2100750317446098 4.0498229571787946e-126 
0.006668861741081134 4.224049264624607e-220 0.0 0.0 0.018363378680561836 0.0033643513725967336 0.0 0.031884090931091645 5.5747003334515344e-92 0.0 7.680112349228715e-246 0.0 2.1450908371925555e-53 4.5746176307891165e-155 2.6748323041367924e-121 1.7026661944101142e-184 0.00018247021602127504 1.503283853674517e-193 1.5871599444627596e-30 0.026868535325100428 0.07850782656251848 5.911988542687953e-28 0.1210213464501891 3.505791871487e-113 2.250321699423013e-30 0.0 0.015020827930000449 1.8314514035e-314 4.427536286877771e-15 2.016027441718706e-303 7.430697944214423e-137 9.602215647261589e-266 0.00033248838689908144 0.017655933557626603 0.0 0.6008265440061298 7.618843465701089e-07 1.75525884284909e-129 3.539446532418888e-46 3.0164686745430495e-79 0.014976998333411576 1.8452560873792902e-145 0.03262506684118562 2.300617106830168e-111 0.03170051778123526 
0.0 4.661183209042793e-169 0.2708930542460821 8.969067601457821e-28 1.123234590875778e-198 4.535466082055162e-59 1.4754074454104802e-71 0.01938415660494206 0.05400908044278306 1.4627507885434442e-45 0.024364211182308377 1.523661390725411e-48 1.1622863430854922e-75 9.553712507342544e-90 1.9430096252975852e-116 8.446936184730504e-226 0.05681933735913772 2.8629310995912645e-73 0.05213345484577283 0.06064406125771181 1.3312138896564794e-15 0.18258510588797958 1.531203568738014e-05 2.1811690473996687e-84 0.015113426218821875 3.867274117975715e-17 4.379164762942435e-25 2.217970590002943e-08 7.854026427540441e-75 6.0765339951785775e-33 1.9816567235166412e-117 3.171304456191097e-43 0.00019363125600566457 0.0 2.2716640752775653e-26 7.0122053310820905e-40 1.1572493659102746e-67 3.5884970536897756e-76 6.512331067611008e-253 0.0061805987032161926 1.1411103956746998e-105 0.012071677277959577 0.24559287050103473 8.497514437703388e-13 4.022598665339462e-19 
1.1137232170162556e-65 8.621429384242394e-307 0.0 0.0 1.5738285624894066e-39 4.104014878179261e-08 0.0 0.020052127298789312 4.009600803001789e-132 0.0 3.7628054111945724e-122 0.0 1.840226777617752e-33 2.3405665795634417e-197 4.146214626640333e-133 0.012174931471953785 3.111644103069828e-08 1.0390456395289343e-210 5.773781100240376e-72 0.017124010379329094 0.09032967047570012 1.4747431652236078e-168 0.3923826456179542 0.017126468504814106 0.013432742069833508 0.03041178849629278 0.028868654012831757 0.0 1.2691406093345895e-24 0.0 3.6743418911022326e-32 0.0 2.6528811381541063e-223 0.0 0.006616491618906259 0.3526086118471193 1.2898448432959738e-08 0.007555629464330135 2.538214176772077e-121 1.0156184797236554e-206 5.148126496578398e-12 1.9222050183287967e-116 0.0 0.01131614368195914 3.127469856523401e-26 
# The emissions
1.3179612869479817e-09 3.958906480893518e-254 3.539104519758501e-82 3.790524657375745e-175 7.406871155092401e-59 4.369058807862007e-238 0.0 6.72749734220254e-263 3.823854136011905e-61 0.0 3.885795693471876e-189 5.0202331482389096e-247 7.299413336541283e-121 2.985895431394982e-157 0.9999999986820388 1.9676557076548572e-265 0.0 1.4538004434815866e-189 2.4160841137361475e-220 4.207826859587994e-214 2.17380052758096e-81 1.21901638177285e-125 5.93578167060959e-231 0.0 2.9442280211556576e-103 2.4651001446984397e-73 
0.0 0.4261881315680497 1.9559582009317387e-184 0.10134441137635167 4.381938964216048e-71 0.003667139090143402 0.4496970485791007 4.1126751985558086e-29 9.369469089760199e-113 5.540611126245679e-133 2.259917804619952e-114 4.872726777690623e-77 3.907675762646934e-39 3.055778673185441e-38 1.1691868531170974e-294 1.396734762988427e-127 0.0 1.752008363179087e-28 0.0025298123088433474 0.01657345707751117 2.2700649375415823e-205 1.2261774396440085e-59 6.482648686784629e-49 0.0 0.0 1.806533871465601e-31 
2.4968461161687817e-145 5.994941077994922e-283 0.9999942889568167 1.598648327173948e-169 1.0889673872271566e-186 5.711043183374457e-06 2.044782801508878e-52 0.0 5.327859953801113e-264 2.0838528188254838e-227 3.0034747237386456e-174 3.0597986705530355e-166 1.6928708241938636e-217 4.836249186949679e-192 0.0 3.20634989925399e-163 0.0 6.671096720654032e-243 1.5619940704538861e-114 3.5505221500560307e-127 2.31611151523e-312 0.0 0.0 8.547020917516213e-138 0.0 0.0 
6.893965894996311e-274 1.1631643300410861e-184 0.0 1.1204780805574818e-89 1.1956048321866211e-166 0.07770983977414066 0.011959573870719149 0.0 2.2795752628158835e-60 0.0 1.96835869165541e-65 1.4714793713046327e-45 1.2965790076356582e-14 0.5845660063938968 4.149458891140617e-169 2.254699276753917e-76 0.0 0.24499840331753228 2.982302059079138e-87 1.3559597163084652e-165 0.08076617664369812 0.0 6.424844e-315 2.207892612032307e-141 0.0 0.0 
2.3745398858927196e-241 0.0 0.0 2.616563276828049e-199 3.406936187846137e-38 2.8201526206764877e-72 0.0 0.0 1.0 0.0 0.0 0.0 0.0 0.0 5.3645221780275835e-121 0.0 0.0 1.9410353788910442e-292 3.209372618425094e-150 6.997967268549654e-289 1.0869232498724254e-276 1.3573057999653888e-284 4.1705332305756056e-95 0.0 0.0 1.726479136009378e-109 
0.0 4.034974153330867e-110 4.4945234636809956e-33 2.515240205128126e-11 1.4967404338584855e-06 6.449375895244398e-74 3.1933629258872288e-99 4.174792913396053e-112 5.097318816163533e-164 1.2596333708151558e-67 1.4523538498861088e-36 1.9011004865627807e-71 3.3151291117260854e-75 1.4616742505757574e-27 4.322904373974333e-261 1.575922520117528e-106 0.0 9.465257982426109e-95 2.7527011534794506e-88 0.9999985032344137 1.0693225471500067e-205 2.996754699182947e-72 1.5155051164222472e-53 0.0 0.0 1.5163716406796033e-22 
5.851046621391848e-123 1.7760600693675862e-09 8.23191107404513e-83 6.186589374455944e-107 8.210859938518189e-157 3.4503134668317317e-94 0.012073837134326807 2.2984856006121577e-263 4.069637829559968e-231 0.0 2.5877568471157536e-82 0.9407495498033919 1.0929070174075122e-36 1.476220538087894e-25 1.1565762766622002e-305 4.116722734535798e-197 0.0 4.220461002360656e-74 1.6091690523729445e-81 1.6801220118248893e-74 9.068834851553453e-280 3.036314267151849e-162 1.2497131196993322e-170 0.0 0.0 0.047176611286221276 
0.0 2.220440768047178e-09 4.981351840440822e-130 4.902007071877289e-51 0.004951037798666429 1.492749011417235e-135 3.8022398290554666e-77 0.0 2.322475502226186e-46 0.005113303880095632 2.3627120444473404e-94 1.9866542265140634e-181 7.426609080415485e-123 8.761924113536925e-19 3.919794578049461e-243 1.122610291302713e-120 0.0 5.521263192883553e-82 5.1573438778284425e-53 0.9793368338359056 2.0256372716255077e-196 3.901620892244328e-181 2.768271632057539e-83 0.0 0.0 0.010598822264891452 
3.942014226753045e-147 0.00576161773901037 8.201904988012685e-129 0.020311536826725634 2.4399355225067724e-65 0.11264180646970873 0.06907216299601035 0.0 6.093557390929474e-88 0.0 0.3197616022666862 1.0347502846339672e-30 7.132520665742974e-76 8.336561217498726e-18 0.0 1.0826160235252718e-73 0.0 1.0238812309246993e-41 0.3387592010932861 0.127676964038712 0.0060151085698607444 0.0 2.546226246244848e-121 1.1969961444923376e-137 0.0 0.0 
0.0 0.05297138052245552 0.0 5.147515036693098e-91 1.1614358187181657e-194 8.367354347623396e-140 1.0713776460698828e-150 0.0 0.0 0.0 1.0283306818190183e-117 0.46463705353884793 5.149285018601779e-59 1.981092234548957e-34 0.024297289610071247 0.07683374274827448 0.0 0.38119456246345984 6.59711168911283e-05 2.5344971155048654e-298 5.977392835971788e-244 0.0 2.055274804732687e-241 1.946099056518303e-280 0.0 0.0 
0.0 0.013176511918683744 3.0965040854965632e-127 8.18744986517587e-16 1.9745262980332176e-10 1.2716984026251668e-111 4.7465271229003555e-124 6.614362215222852e-76 7.291694753241378e-253 1.2513540132350162e-92 0.016195609581744014 0.004044068149995823 0.030122300097965585 0.04253510155541805 0.0 0.10863621614773672 0.0 2.3799913635805248e-173 2.2116052724689518e-114 5.889282727423489e-41 2.623302105035023e-215 0.5910390932478821 0.19425109910312066 0.0 0.0 1.597931776725716e-80 
1.3995788070189404e-256 1.182021858172513e-78 2.483120429368555e-178 1.1555517368279189e-52 2.3371269903373917e-194 8.213590951205495e-107 4.001753392169848e-41 0.0 1.4621263470704902e-33 0.0 1.3095230171768534e-64 5.374944085755263e-79 0.405342639303082 1.6399089331442725e-14 8.68958957415356e-100 0.29976206496736707 0.0 0.2615586350341515 0.033336660695383075 4.945956506160322e-94 3.741246508482033e-184 3.241127732495914e-163 4.3015613184776e-45 3.265910700838201e-157 0.0 7.732128227101203e-71 
2.9835123130247456e-18 0.0 0.0 0.0 0.9955873538931727 0.0 0.0 0.0 1.461502206287432e-57 0.0 0.0 0.004412646106827277 0.0 0.0 2.077346862484198e-160 0.0 0.0 0.0 3.103840376645695e-245 0.0 2.6382909691238453e-33 0.0 0.0 0.0 2.5936812267510346e-206 0.0 
1.9422788502495264e-206 0.0 0.0 1.1533038621887338e-44 0.36974446087741863 0.0 7.630703601631485e-47 0.0 0.0 0.5772191246589925 0.01909331318158587 2.38018455101053e-251 0.0 0.00043146941570894256 0.029368982954967152 0.004142648911326935 0.0 0.0 7.991328239280836e-155 9.554422635109393e-160 0.0 0.0 0.0 0.0 0.0 0.0 
7.729715422296646e-179 0.010907889198877195 1.211061606639997e-35 0.09232117183760855 1.1096362341658549e-92 0.039216071462418095 0.0006340331594311946 0.21133286210114047 8.983512868287224e-151 0.04670284519149045 0.04708149502520574 2.112489533910865e-05 0.28049426557738477 0.13828798155968522 8.707419495634481e-243 1.664640316490831e-61 0.0 1.2183675017451406e-46 0.019535953030798543 3.1893708156680964e-14 5.923359711905198e-237 0.02088760051573304 2.475515964596761e-05 0.0 0.0 0.0925519512852097 
4.460958637131973e-186 0.17808631685414156 3.258897370971072e-27 0.2194465324561521 4.581707155208723e-86 2.933010552062716e-84 8.655820085898463e-33 4.789883508452352e-96 1.3097045813578587e-83 1.0331318073315739e-94 3.280784324440723e-10 8.034366768342129e-32 1.0118509652755268e-05 6.621466473324427e-18 3.418086375739563e-285 9.940050430362678e-110 0.0 4.040292307582978e-87 4.8233562813134676e-05 1.4305640280866177e-15 2.6499664090411503e-240 0.03956244232733792 0.47415058215593403 0.0 0.0 0.0886957738058887 
5.741657330934879e-25 7.8817154455e-314 2.1424146718993777e-276 1.3116270579938385e-234 3.320599708469198e-20 4.84194842850588e-186 4.513755766669045e-300 0.0 0.9999999999525588 0.0 1.2332214417721757e-284 2.526728553029958e-299 1.2646294598873073e-275 2.8467822347897988e-238 8.704041389057519e-45 2.590233512969e-311 0.0 3.385740804229718e-191 2.1393879178939933e-161 8.35580285226967e-188 4.74411966240233e-11 2.9159536730000326e-84 1.6569889855913466e-264 0.0 0.0 1.9382599406228508e-195 
0.0 3.806521420528925e-18 7.911414260295499e-283 1.3970711508676488e-41 1.6382897748454336e-169 0.022603814695972255 2.2455971016655635e-21 0.0 1.790472838996713e-167 0.0 1.4773423021928254e-54 0.5763946610457542 0.2124052769396163 1.2651006839265503e-14 0.0 1.1927913808820849e-105 0.0 1.2245659274275145e-14 1.6543489722098001e-40 0.18859624731863234 1.0211060665168497e-74 6.387333329063104e-87 1.5324359659705065e-78 1.302552618369886e-81 0.0 5.3331777742900226e-207 
1.0989425652540502e-97 6.4667578108807806e-21 4.367733790889937e-252 2.100943230248492e-203 0.7211823587945566 6.381405741694109e-118 5.802361837754253e-234 0.0 3.5766564217512456e-89 0.0 2.065725358056585e-83 4.897632816852551e-10 1.9835761691845558e-176 3.0286841798409713e-63 0.1463583741782543 1.4098273721479308e-239 0.0 1.8780398898702982e-106 1.3336565941990215e-42 2.675851540736337e-87 0.13245926653742576 0.0 0.0 0.0 1.4571767397383598e-104 1.3372529390844922e-240 
2.068295709908278e-76 4.823921855425136e-198 8.083566649115013e-95 6.141408418090118e-137 9.211732414832603e-23 2.3577054790254467e-32 8.133978793647343e-129 3.918304609678164e-279 4.5257862137905605e-122 0.0 1.3690843335576477e-122 7.0058348050025394e-189 8.743528903987249e-209 1.2644683058102738e-101 5.284298356497768e-173 7.141276428209585e-76 0.0 1.1984020419974524e-252 1.0 9.680677925165253e-121 3.7689653774139784e-175 1.862957533871158e-225 2.842864747903333e-280 6.845304884657305e-113 0.0 2.5901662769304675e-249 
0.17034642621605728 5.0387075577781706e-225 4.112394738763302e-261 6.5060250963393454e-71 8.187853163161139e-22 1.0117442207554587e-146 4.872723992140556e-78 0.0 0.7791152431613677 0.0 3.378688032148522e-191 0.0 6.768094002595457e-127 3.657531415979172e-232 1.7267501681302938e-107 1.3242101962523972e-299 0.0 0.0 1.8900310593347952e-59 1.1835982962699198e-66 0.027828765790578684 0.0 1.8116523072708435e-254 0.0 0.022709564831996425 0.0 
0.0 1.3727115306996168e-140 4.0246517152825884e-201 0.107831103120499 8.335451724582954e-70 0.0380148534487653 0.027435288795600556 0.0 1.628423401445802e-66 0.0 0.4565175018187934 2.0944184880295625e-26 5.128902228773552e-128 0.1691160890538739 0.0 0.01883941079623082 0.0 4.2852417183217444e-26 4.411948618907721e-74 2.420860088987797e-15 5.4861624479474174e-151 0.09352571696395867 0.013230380955861935 1.4105608953049162e-304 0.0 0.07548965504641397 
1.5202940355789294e-124 0.0 2.166005705886363e-285 9.590180857555528e-213 1.0 2.5415828517275463e-278 0.0 0.0 1.7737158435808887e-232 0.0 0.0 0.0 0.0 2.03861502081026e-266 1.0832593242672915e-77 0.0 0.0 0.0 2.3030612830990367e-166 9.513743959179826e-131 3.222204144842749e-154 6.443872043309911e-245 0.0 0.0 0.0 0.0 
1.0617e-320 3.451434471058412e-14 1.0335004654742703e-216 6.124541562824982e-26 0.0026998672242400934 9.568152652025404e-134 9.165640796693034e-68 2.800409049724948e-234 1.0538294593278207e-121 3.7653298748532987e-17 0.3928377953408869 2.6700153169438e-116 1.2992366997528711e-117 1.2611323552027775e-92 1.4150681636279453e-241 1.4793304541275268e-12 0.0 1.3725501330561026e-161 0.604462337433359 6.574287938774438e-31 2.0542846994023198e-88 1.3982496479455114e-84 5.0095138969723264e-157 0.0 0.0 2.428434663234957e-84 
0.9718349134782873 9.521775192139571e-266 0.0 3.7728442723576025e-208 7.660285956200503e-45 0.0 0.0 0.0 2.088009502869979e-65 0.0 0.0 2.1710853812297113e-180 4.433204309780026e-221 0.0 8.961580644096707e-18 2.89654196996939e-301 0.0 4.5593413363733746e-231 4.740763591080422e-226 2.0874619611821627e-241 0.009243483600540623 1.683020281357637e-73 0.018921602921172054 0.0 4.487236634619405e-199 3.0254734423505945e-305 
1.3119145891758406e-18 2.6975246705616526e-299 1.5772293414757312e-190 6.982203089845596e-52 8.25826814056065e-42 3.7388930327289166e-292 8.289089785019728e-266 0.0 1.7735004144920325e-169 0.0 8.21213314214193e-250 2.347929470487173e-219 6.477388022382808e-185 5.11581702279032e-149 4.716817781755649e-110 1.034096127482362e-299 0.0 3.912398314905848e-123 1.6589707683189972e-141 1.8734632766188206e-142 1.0 0.0 5.014570994075948e-106 0.0 0.0 0.0 
0.0408763935161417 3.246301414804538e-191 0.0 2.5588188638615496e-125 0.9591236064838583 3.089221253605647e-247 3.488430588054075e-303 0.0 6.026001829994381e-162 0.0 0.0 5.083351691975856e-187 2.1561135999379713e-267 7.117686160124822e-184 6.652608221503667e-176 0.0 0.0 1.2363998727916002e-177 7.998320159061211e-163 6.75419355088237e-155 1.7058438883107403e-146 0.0 1.1368174233968977e-293 0.0 0.0 0.0 
3.3692979792926606e-216 8.75612894144841e-187 2.7108565035903775e-122 0.09472384882794703 3.676247017577634e-64 6.005179561446493e-149 0.0040636703319347905 0.0 1.0820496271990446e-201 0.0 7.60724334021004e-155 0.8194113776900925 0.08180110315002567 5.5495156621747485e-22 5.265595581499675e-148 2.3860802199318763e-182 0.0 7.788375073409238e-32 5.858662021090211e-136 3.346891059979102e-61 1.8165884504692182e-67 3.3808981440106656e-87 0.0 5.058452884191207e-141 0.0 0.0 
0.0 2.337064099521347e-165 1.1798491279339682e-138 7.930960433944114e-56 2.710793842374712e-30 3.1241688578636054e-87 6.1938973362784594e-207 0.0 7.726646076731531e-39 1.9541779470483837e-97 2.2806292868912405e-227 1.1841537418057547e-144 8.775162270351685e-111 0.040807444955397315 1.221953243268424e-299 0.16452807857412977 0.0 0.0 0.00447373886073676 0.7901907376097361 0.0 0.0 5.511751433747157e-274 0.0 0.0 2.589591501071347e-111 
7.511597079498535e-134 1.968418156566317e-236 1.0014684531176328e-225 1.0965427303371812e-129 1.300759198268088e-161 3.159840266281532e-153 6.918455110686573e-163 0.0 1.5776332963642277e-305 0.0 4.000218983746241e-177 5.49101594715602e-48 5.447377035828731e-115 1.0 9.115465147834124e-174 1.2190704900533834e-220 0.0 2.8067813785284524e-45 2.0823238766717473e-40 1.2332136618959661e-126 4.981860311586214e-188 9.1263482476476e-179 0.0 4.325598723683376e-194 0.0 2.0650319152482576e-243 
0.013276872363303764 0.0 1.2326252561793633e-206 5.02312054365118e-156 0.5851187328520897 2.7908280322563535e-222 0.0 0.0 1.3737903350369447e-134 0.0 0.0 5.33420005034704e-85 1.166237172125211e-162 3.5552367693467524e-272 3.766607216609352e-109 0.0 0.0 3.252950782227107e-239 0.0 6.643829578418214e-172 0.4016043947846065 1.0182970019620072e-82 2.2979603859825595e-188 0.0 7.429220719610206e-244 8.89742602874127e-136 
2.97682050949489e-232 9.603780275825562e-67 9.566967207269639e-169 2.456006583369461e-148 9.782100849987134e-170 7.761475919801052e-66 2.263679769205208e-75 0.0 1.7863143043908657e-102 0.0 3.628316091786906e-104 0.04733229026452112 1.4297460604759862e-47 0.04294319816309074 0.0 0.0 0.0 0.9097245115723881 1.1641933346490726e-82 1.1750284807626766e-64 4.544354002858014e-75 4.052104001410642e-270 1.0030307388326948e-131 5.248327509504299e-146 0.0 5.036666573543514e-233 
0.004708423606493465 0.04306102025077396 0.0326596530138863 1.799526411604522e-230 1.319916778688452e-143 3.4616076230663367e-149 1.9846405008461434e-69 0.0 0.6421634748855766 0.0 2.495900137724256e-149 0.0937029054485243 2.0079891597513068e-53 0.12414397576736011 0.0 6.056471211697879e-165 0.0 3.065971760032627e-120 6.972762766847995e-48 0.02601635278694007 3.814220777802913e-89 0.0 0.027045326338840575 0.006498867901604827 0.0 0.0 
3.8403236102757815e-265 0.0 3.33445649641014e-309 0.0 3.004070212509275e-246 3.351099379786435e-187 0.0 0.9262484497493108 0.0737515502506893 0.0 0.0 3.4930456909525632e-133 0.0 0.0 1.9733509179955093e-40 0.0 0.0 8.315451035755444e-115 2.64726586383642e-277 4.105134538598698e-103 6.690014206555849e-257 0.0 0.0 0.0 0.0 0.0 
9.63568531048501e-190 1.0684591213614839e-34 0.08624379626729547 8.556885688703191e-09 1.3442543243425013e-95 0.03616290449186746 1.699349570095034e-61 1.0339388319510018e-49 6.90362e-318 1.3985283630695427e-72 0.25962840226969697 3.047875556826654e-78 8.015629873763953e-118 0.008338645132719598 9.766889707459089e-227 0.23787510408671222 0.0 9.760447064744936e-117 3.790812662922506e-17 4.696131040440714e-27 2.701223675624179e-118 0.3717511388833265 7.336838457447504e-109 0.0 0.0 3.1149600531979443e-10 
0.023261876848667117 0.0 0.0 1.8262019947758279e-140 0.9297883259794291 1.479125709281297e-197 0.0 0.0 0.04694979717190385 0.0 0.0 0.0 0.0 0.0 2.042690178183774e-93 1.6046518085626466e-242 0.0 0.0 8.010919227943485e-99 4.593831431640671e-72 1.0969695577135275e-69 0.0 0.0 0.0 0.0 0.0 
8.32400069136368e-110 1.0719893761074114e-93 1.1216984649285934e-21 6.087198251515561e-76 9.800063704244608e-83 0.013169884428754355 6.405861493226044e-83 3.4628482855196906e-124 1.8777245249016643e-267 2.9325028245917563e-220 1.0164638211625917e-171 1.2353687799860472e-108 5.259113269600484e-102 0.0100264950862197 8.204386907175404e-68 4.1274610469175884e-137 0.0 4.3997758200478404e-162 0.0939465554477538 0.8828570650372721 0.0 9.79542870232761e-81 8.8417563286e-314 4.141741997807975e-174 0.0 4.404210387478292e-149 
4.829285479216689e-253 2.674404479316727e-55 6.334461518352329e-66 0.022447250747786713 2.6917734709859945e-142 1.2409025506524384e-73 2.121224226745628e-98 7.717387293072497e-97 7.65291682273208e-191 9.800422365136711e-107 8.110456710356241e-91 0.17637602202711947 6.219069143948575e-34 4.53630454491134e-32 2.8222877867124e-311 4.048393665441483e-129 0.0 0.45998619489702064 1.9557010214908047e-92 8.05930452102648e-37 0.0 8.693749010272241e-113 0.1296327269118104 0.0 0.0 0.21155780541626265 
5.065365305602344e-81 0.0 0.0 7.819954596701495e-285 0.2666525123592671 0.0 0.0 8.958777334870646e-299 3.1215557330795086e-32 0.0 0.0 8.590484913139508e-260 1.5617451076345098e-286 0.0 0.7333474876407329 0.0 0.0 1.897194978679663e-135 0.0 0.0 3.604730674969035e-133 2.540470148978892e-32 2.115930542508968e-155 0.0 1.6411924718879147e-234 8.558228815470191e-192 
0.9926873259309765 6.617383902656281e-283 2.0012581884255365e-233 4.268618627574308e-151 3.4957378097018154e-133 3.436783192793648e-143 2.7415069480237216e-120 0.0 1.7702401942902567e-21 0.0 1.3030926990941695e-206 4.616279165062117e-172 6.231496139112215e-184 1.365253084901177e-136 1.5452887539191596e-119 0.003808046926757149 0.0 2.872763516460018e-150 9.667808725157474e-213 6.6894626232444286e-217 3.535660774408762e-90 6.260765823253813e-247 0.0 0.0035046271422663803 0.0 0.0 
9.165932197939264e-191 0.0 7.854303814811011e-185 3.913549427990898e-137 9.11918326844925e-132 0.0 0.0 1.0363534187399303e-241 3.212432912720667e-63 0.0 0.0 0.03766799778919816 1.2585326809613061e-175 1.1802733525135445e-154 4.2909788148075617e-125 0.0 0.0 0.9619621765261136 8.30022596354e-313 1.6348520462919902e-289 3.2256766269869968e-260 4.3736603022938385e-246 0.0003698256846882981 0.0 0.0 6.200566725515346e-137 
5.2879918073582614e-251 9.867833331579077e-76 9.459920221563834e-24 0.0010035089493073857 1.712615646685269e-144 0.02741299080666512 3.597539979618887e-80 6.861953442338654e-102 1.3648884579688001e-101 0.050212232811497566 9.367550459187173e-129 0.8746418425358761 0.0467265935855428 8.912810698243788e-87 0.0 1.5154032810556605e-06 0.0 3.0738907998755406e-94 1.707480533825644e-47 1.3158173872324729e-06 4.1801173058759135e-251 5.418604092904519e-99 9.044285706071709e-11 0.0 0.0 2.8609804608597637e-83 
1.5628822874917302e-204 1.3832881468962233e-134 0.02556379807648405 2.9764390946738284e-08 5.23414211019152e-40 6.46417401220236e-145 0.8841544284874154 0.0 2.2072045160847706e-140 5.712310548790357e-261 1.019988951763232e-27 5.7490099875751446e-102 1.058262569087758e-65 0.045820386350135106 2.023702094080658e-188 3.935448974250619e-22 0.0 1.4855035483661242e-58 4.747346586764437e-25 7.389739074663629e-15 1.38625442182797e-175 0.04446135732156706 1.2399990019349688e-134 1.8382138526695944e-215 0.0 3.090071915549556e-76 
0.0011789215231573793 0.0 0.0 1.29104576887112e-227 0.8381761391055293 5.218383234486522e-214 0.0 0.0 0.08662397489078676 0.0 0.0 0.0 0.0 2.7089191527435323e-225 1.7195583172090356e-13 1.824544519087792e-221 0.0 0.0 1.2763868306692386e-267 0.0 0.06845479747359139 0.0 1.1636391219744265e-70 0.0 0.005566167006763189 1.384451994212469e-283 
0.0 0.015543295682088547 4.4175411761680455e-70 0.9176754388656655 4.2816124027605146e-20 0.012654159318699234 5.772594404163746e-10 0.0 1.4328082216395914e-82 0.0 1.1110115121807744e-70 1.8685642180213345e-126 2.2598134624355116e-38 0.005005680980321466 0.0 1.9741066379144766e-76 0.0 3.9815355448023904e-87 3.516146215174406e-30 7.239643291048644e-21 2.5615641860744347e-117 5.100144569951626e-119 0.049121424575965134 0.0 5.222281570933187e-214 5.69323100149888e-16 