# The number of letters 
26
# The number of states 
45
# The initial transitions 
0.226003310878
1.81345885168e-276
4.2545860597e-26
0.0596341312801
5.15670721525e-31
2.24014116727e-26
0.049220015104
8.71319398006e-112
0.0259655932819
0.0162644554299
0.0042347490994
1.08220087241e-275
0.0653064401942
1.08754762544e-78
1.0899207027e-45
2.69578845015e-55
1.32589523915e-117
0.0
2.7389881055e-26
2.11189620678e-36
1.18504485336e-58
6.85741588745e-64
0.0386202045217
0.00993238802697
1.37633061712e-26
0.00266505777453
9.19432042328e-209
0.000285118746973
0.0
2.89250756814e-71
0.00129695699539
0.0138730828348
1.21866898774e-199
6.30244855204e-211
0.0161450251415
1.90944774492e-73
0.0
7.51251548697e-162
0.00233149836604
9.94230499418e-06
0.109298041836
0.0352989362842
0.00141533440981
0.115419931358
0.206779786131
# The internal transitions
0.0 0.0 7.78055599948e-63 0.0 5.76061723321e-38 0.0 1.95587146599e-33 0.0 2.8217869418e-126 1.20117429487e-68 0.0 2.6433616738e-170 5.1796500952e-23 2.3399859088e-166 0.0 0.165072935438 0.0 0.0 0.0 2.94871532017e-27 2.44396481137e-89 0.0 0.591803050176 1.10934944469e-241 0.0 0.0 4.80311507537e-291 4.97789088573e-28 4.12273653803e-300 2.51642741174e-67 0.0 1.88180832165e-23 0.0 6.4303042475e-21 0.22914096536 0.0 0.0 4.67137289846e-210 0.0 0.0139830490255 7.66102689592e-280 1.85748018881e-286 1.51536347242e-218 0.0 8.04222735541e-214 
3.05183121147e-89 3.13761115054e-97 1.87094890869e-98 1.32964561412e-16 8.11076848376e-148 0.334272881139 1.20389816949e-105 1.51284590771e-113 5.03647330153e-108 3.33412422941e-164 5.42565698837e-207 0.0 0.0495043033337 2.29256049096e-126 4.66197377341e-37 4.51462060447e-70 0.338196271659 2.79042001997e-101 4.18249565395e-109 7.71337934686e-143 7.6613849069e-155 2.73167332177e-174 2.38706793607e-14 4.50854027855e-08 0.0511427571571 0.00366009002985 0.0 5.98446122732e-106 1.08720622205e-58 2.81328120289e-119 4.53885573273e-194 1.34105913801e-25 0.0 0.055289081684 5.26889833244e-66 3.71062757034e-46 1.62316913144e-83 1.38631534387e-22 0.047880945351 0.044524278995 2.4745603791e-17 0.0755293455654 1.30452196555e-153 1.16194356408e-91 1.42454543943e-42 
3.73718473788e-90 3.50650740495e-10 1.19099324238e-300 4.41683208543e-153 1.0276084523e-54 8.60932706065e-54 8.21739545464e-166 1.92318903865e-131 1.69824323162e-70 2.99567973268e-248 1.15699673304e-188 1.67513467459e-53 1.96175860196e-300 2.95585357852e-67 5.54099475596e-39 6.24655642931e-154 0.820439165567 0.0606900215653 4.54508514212e-35 5.31794523553e-248 9.26520972573e-55 7.89248222583e-144 1.24031166202e-162 4.12134264049e-152 6.40647250559e-171 6.09890968227e-67 1.37691780598e-152 1.39203665438e-252 5.38052727855e-19 2.90816417783e-100 1.36920710836e-175 5.81329599002e-251 4.86524509263e-88 1.0831581716e-123 4.87206560457e-173 4.28723908461e-110 4.68550566343e-12 4.29956138788e-108 1.03187402114e-257 0.0 4.77827719419e-20 2.22717269095e-234 0.118870812513 6.87427056782e-190 1.0375908025e-123 
6.92820599483e-53 0.0 1.34698870045e-14 1.68821361324e-100 2.04316671399e-89 1.3580341729e-116 9.02837321353e-163 5.6865578883e-288 0.00614501596445 1.93089317948e-23 0.0410655591989 5.02002772802e-151 5.2647196091e-139 1.71234657889e-172 3.86772412749e-84 4.68658743285e-08 0.0 0.0 6.68451900024e-126 6.34759957124e-49 8.11453895152e-168 6.67808045744e-156 1.25187003326e-41 1.28431469249e-295 0.0127326390823 0.40176267699 0.0 0.0461295681575 0.0 2.01169287634e-104 0.0 4.00585085457e-70 0.0 2.94382173007e-179 0.129357255888 1.01465771083e-191 0.0 2.40619830636e-172 0.286221021735 0.00654232521701 0.0700438736169 3.71372941758e-68 3.0072864293e-145 1.72845787603e-08 1.61870042196e-47 
0.00876886169453 8.07331095118e-122 0.0 0.0502402169929 0.0 0.0331585437483 0.0 0.00825159786817 5.09190261781e-55 0.0 5.07179561623e-17 0.0540370782113 1.55206082285e-50 2.0867493101e-51 0.0151063966179 0.0 1.45570805265e-09 0.541652553997 0.0565823481602 0.0 0.0340286773261 1.74925345161e-187 1.42939896022e-99 0.0616422989018 5.05223100505e-166 3.71592227526e-45 1.8583051898e-93 0.0 2.12052878246e-109 0.0 0.0267236766735 0.0 5.57441388987e-194 0.0 1.94547702232e-161 3.85500490393e-25 0.020980452254 3.60455543428e-83 0.059394463873 1.06425234921e-45 0.0294328322259 3.39930322705e-105 6.54967021415e-38 1.23990125499e-20 6.57844956031e-50 
2.47324908843e-172 0.0 1.10201334453e-21 0.013197938106 0.0515670269076 2.08113982965e-144 1.82240015646e-45 0.0121088930436 0.0213615172705 1.2066433662e-110 0.0254769397447 0.0 0.0302038084968 0.046784038718 0.401827572821 1.54684206217e-152 0.0 0.0 9.44975712866e-05 1.44329216493e-114 9.07477275422e-302 1.35039444716e-128 8.21555303295e-44 0.0 1.01464446905e-83 3.57537490787e-16 5.97594700437e-226 0.0292607984958 3.96823917163e-316 2.54463337013e-178 0.0 0.102455356366 0.0 0.0 0.265661612459 1.10354888343e-91 0.0 1.35472244075e-176 0.0 1.80505634773e-66 1.03805646692e-199 3.08968973525e-13 4.32817068825e-316 2.57179899599e-298 2.38581026467e-101 
3.23130170625e-156 1.97683287839e-20 0.0 0.0253964398301 0.0 1.69445812737e-134 1.58532698203e-47 1.84217318575e-156 4.63154747353e-278 0.0 4.53235071528e-199 3.17044018953e-116 1.01585847731e-24 9.31111027625e-127 8.93555341541e-141 0.00304429317997 5.86708991806e-79 0.0807008017626 5.69117485807e-118 4.41794984992e-296 0.144865158484 8.0984398027e-139 2.2153206241e-165 0.0117236325357 4.09904610824e-163 0.0114275486247 0.149453114143 0.0 0.542026365877 0.00434452676952 9.08984052745e-184 0.0 3.77374053534e-170 0.00319819559913 1.51860684721e-112 6.46441003428e-222 1.85192045995e-37 2.07212705989e-248 0.0238199231951 6.4468132039e-41 2.88369516602e-310 1.92622568262e-220 4.39475757754e-222 0.0 3.49386629997e-99 
5.43588379303e-15 0.0 0.00868960414302 0.0210142463599 0.03787198759 3.21676038757e-73 5.17485695395e-134 0.0 0.0424675253256 0.0952510158519 2.44654103285e-97 2.84170219789e-174 2.82553763809e-06 2.82726138161e-105 0.29602283686 0.0240125882579 9.64264469746e-124 0.0 4.87815287788e-49 2.49768927425e-54 8.17900206027e-191 1.80979294609e-166 2.30753435656e-60 0.00570931189641 1.91299659287e-95 3.49775543996e-10 0.0 5.17989024259e-39 0.0 1.01368699878e-27 1.94430916107e-55 0.31582747798 0.0 0.0 9.27937512113e-34 9.92433602126e-96 5.54586182979e-58 6.45587823278e-239 0.0 0.0829101875443 0.0153451258911 0.037994801581 2.39992825936e-163 2.3594218093e-144 0.0168804648319 
1.37794908625e-320 7.88391492766e-258 3.88396126745e-113 0.0 0.11324152826 0.0 0.021705862223 0.0 1.07780339348e-295 0.310104032311 1.39987630923e-27 0.0 0.000763976798766 3.67002482569e-293 1.09021876785e-247 0.1324227399 2.28744322733e-164 1.50611215438e-243 3.72510103034e-294 9.34778145053e-93 7.61975907834e-295 0.0 5.57545963674e-102 1.22328707292e-316 0.0 4.64673541826e-219 0.0 2.80908580192e-142 9.27857229926e-258 1.01936853667e-15 0.0 3.60793464039e-71 5.94139226745e-169 0.00903753412652 0.202567634231 0.0 2.55568969243e-306 9.5942863998e-109 0.0 0.210156692149 8.27346464572e-199 0.0 5.89463091617e-285 0.0 0.0 
4.01439764437e-71 7.25605780752e-23 2.7060153143e-312 1.45284737262e-102 0.0201482810935 0.0103731626006 1.58667179984e-35 9.38257744198e-50 1.62159138653e-87 1.69602038728e-253 3.06117242416e-284 1.02351494188e-58 2.01476715457e-135 1.10357672664e-17 4.47888439255e-37 5.32950080275e-29 1.00443069902e-24 0.0246664915905 0.0282723942489 4.72920615002e-255 0.0220711989449 1.88026383001e-49 8.1040275428e-203 1.09935161681e-12 2.60242025439e-124 3.32875474066e-32 0.0399208572579 6.58147850738e-243 3.9161280904e-50 0.749671572935 2.18987070156e-186 2.86113564499e-265 2.75807677629e-143 2.98968586064e-23 1.8129429034e-30 0.0536402315416 3.33232357347e-20 6.34924579531e-55 0.0512358097857 3.78280856301e-111 2.2885102011e-64 2.96506131967e-148 2.26943415817e-73 1.22306516491e-143 1.96928437804e-102 
4.93102843802e-108 0.0 3.15483338778e-135 2.72085181421e-290 6.3348013057e-104 8.53750607737e-290 5.2055396539e-181 0.0 1.90887375946e-170 3.2702434697e-43 0.0 0.0 0.115208435773 7.28116440616e-147 7.42635407132e-154 0.771031713399 5.73386521045e-26 0.0 1.49550485548e-270 1.40757125553e-123 9.4963675061e-202 0.0 0.0368044122313 7.41141357067e-63 4.53299112677e-76 5.27415502807e-241 0.0 4.47732875611e-97 0.0 4.80813504502e-72 0.0 4.7934579971e-62 0.0 2.12660585709e-124 0.0769554385975 1.22667072175e-273 0.0 1.82593849609e-302 0.0 9.67772617799e-46 6.4323243745e-257 4.64476235217e-36 3.83422490356e-99 0.0 7.80761457313e-160 
0.0326824865355 4.70056333611e-184 1.59344184793e-57 0.0858419883904 4.37080842846e-147 0.146753935822 0.057558527803 7.49648463684e-79 0.0450156755361 0.0111975868798 1.5422423456e-63 1.3114739317e-179 0.0451980055353 1.20508333971e-22 0.000761133638839 6.43078607619e-46 4.67059450732e-23 3.69290742294e-208 2.54450496399e-71 1.94700096238e-26 1.14477724236e-58 6.21941626122e-24 7.95425956829e-43 0.118954785161 3.55156210094e-12 0.095915977151 3.71317780934e-177 0.00740381138335 1.70330768851e-98 8.16920808046e-92 0.0208210536343 1.39318418763e-06 1.4163866569e-256 5.40294113177e-53 9.10605691677e-150 1.2028423013e-48 1.03146458075e-74 1.96452174516e-74 0.0238239581785 9.98851735014e-82 8.85777350465e-26 0.0866067555929 1.83521585602e-31 0.0503801260108 0.171082799559 
2.12458831241e-248 2.52992616568e-38 0.0 1.60613540688e-96 7.56366665987e-88 0.0151464972739 2.82965652482e-177 9.36054402881e-185 5.06777356023e-142 0.0 3.8782541761e-185 9.29179623631e-56 0.0 2.98867916498e-40 3.94197895048e-83 0.0 1.65978159291e-52 0.151096734471 4.30950542572e-47 0.0 8.09497303705e-23 0.0887316743604 0.0 1.38001419737e-44 5.28059657454e-139 2.15020547832e-163 0.00265474219388 1.72209924788e-186 0.166020297006 9.18732594757e-294 1.48734382525e-110 0.0 0.0480700852319 0.0 5.31919607818e-296 2.3893350033e-15 9.86043604075e-34 0.522160119846 5.87753669912e-54 0.0 0.00611984961613 4.33962281088e-305 7.78442941249e-20 9.01077443263e-25 1.3774451172e-140 
4.34708481264e-186 0.0 2.89542348419e-36 0.020946720441 0.135247895054 1.22114190412e-31 4.85666183591e-175 0.0 5.85398910171e-263 9.96773142737e-95 9.12094447721e-126 0.0 0.0 3.74480685633e-118 0.0883941773563 1.64175893379e-33 3.5633646626e-208 0.0 1.67899921859e-89 2.26318568877e-114 1.45168176734e-268 2.23616724485e-194 2.78174063417e-11 1.97120949549e-161 7.94474548947e-209 8.64289205406e-39 0.0 9.5397112103e-21 0.0 0.0205224388869 8.36926989188e-86 0.625206484765 0.0 1.75305538495e-174 3.79490649388e-13 8.70597169202e-182 1.21312553106e-302 0.00552265394519 0.0 4.73588540481e-258 0.041003062375 8.50661057787e-203 6.51714333277e-69 0.063156567148 2.08699115903e-150 
1.05132639525e-21 0.0 8.85269951967e-30 0.174448574732 0.120705418774 3.20042319169e-106 1.12180745329e-208 1.1936000298e-212 0.0166660673898 2.12031210088e-59 0.0833394852351 5.87244055891e-280 8.29369484493e-228 0.00696352612996 7.11858220595e-151 6.9007179397e-169 1.68279165714e-73 0.0 1.54517960328e-167 2.4824472921e-72 6.91243630503e-145 3.41994463147e-232 0.0744121971228 2.50212594994e-182 5.60772451974e-121 3.32989483462e-195 0.0 0.095350572948 0.0 7.13138378535e-179 8.3993074779e-62 0.21222581035 0.0 0.163995996487 1.34582899249e-36 6.15554325981e-286 4.0553137729e-301 3.6955086249e-122 0.0 0.00557217980747 1.31432058731e-06 0.0219000209797 5.6755884924e-148 0.0244188357224 1.56800749486e-109 
0.0127089771112 0.071536226883 0.00768796441119 0.0148692353765 0.0 2.16170412154e-56 0.0 0.0 1.00759326935e-51 2.4176234163e-137 0.0158607074067 3.70096682759e-23 7.14749576923e-236 2.9918060485e-83 1.80359933752e-37 0.0 3.1345453282e-105 0.0817065537036 0.16369246097 0.228819301827 3.22264581808e-23 1.13055192843e-78 6.91733136465e-23 6.11023951427e-48 2.05567205832e-101 0.0109737661191 0.0 0.122493664327 2.28889604188e-45 0.0 1.89052398436e-109 8.03769735532e-18 0.0500993845251 0.0 6.45856573896e-62 1.47820921273e-84 1.06485281136e-17 7.26160907285e-71 0.21955175734 0.0 3.11681509396e-118 6.55582927659e-297 9.02921775338e-151 2.30254789604e-119 3.54106134826e-120 
5.83115480557e-98 0.0 1.33921923957e-53 0.0858852700658 9.71258414178e-139 2.05334664983e-80 1.66599621629e-270 2.23411065228e-83 1.90289011891e-34 7.1706430778e-107 1.69068956371e-117 1.45421471901e-307 1.61415819931e-54 9.61199473741e-120 2.43666728793e-30 7.7728979922e-220 2.4934637707e-138 0.0 1.22023419856e-88 4.09455268264e-84 1.21008686675e-99 8.22929645969e-249 6.70242595102e-30 2.82348247096e-50 7.83395470372e-48 0.149373614394 1.53048639084e-275 6.9422564892e-74 8.69480011098e-287 5.01304520365e-140 0.0 0.647365302377 0.0 7.42236670557e-19 0.0207462476639 1.73935788189e-99 0.0 0.0 0.0 0.0966295654989 1.62665649255e-63 3.15060610147e-36 8.11232674843e-266 3.97208750432e-225 2.49449165119e-49 
8.7335879756e-147 1.64409725207e-210 1.03002056266e-71 8.91729179955e-05 1.11784283577e-220 5.13729555767e-35 3.56707294032e-91 5.28034391311e-208 3.07615398541e-104 0.00262905849658 7.85687905453e-270 0.0 1.18894925633e-41 1.45557478681e-163 1.17665369326e-90 3.30380820509e-35 3.87402986129e-88 4.73086073684e-214 3.91532971764e-121 4.80791225347e-220 5.58104539856e-134 1.48673784793e-201 1.89651802815e-19 0.979538632884 3.28255106265e-79 2.38803628917e-80 0.0 4.03805054885e-148 1.68460169799e-175 4.18288832365e-46 1.23156349819e-198 0.00995554503215 0.0 0.00778759066883 6.65717922804e-189 4.68199049176e-19 6.43958061816e-198 3.78509559493e-37 6.23797735112e-110 3.91933078282e-119 4.04217662824e-65 1.01609483415e-83 2.62900122501e-220 2.54735336927e-34 1.06094245944e-100 
3.94735381267e-56 8.25830769814e-179 3.00172982432e-63 6.32082565414e-25 5.07883512885e-108 0.00264037282573 1.91865424479e-300 1.18447090048e-56 1.62532176224e-32 0.0138794853196 6.85737240545e-24 0.0 9.04844007377e-28 3.17139532874e-108 0.0411520682241 3.43944477812e-98 0.0 4.80840399088e-246 3.47926098767e-120 3.56626125657e-55 1.12910067446e-241 5.97697379182e-102 0.0238389549355 4.73734349195e-154 0.442603270664 0.240279819731 1.13481726616e-230 2.60447472277e-20 3.57151056429e-120 1.15141629134e-31 2.88516743902e-243 5.14104003378e-32 0.0 0.0780441706235 5.85452925429e-103 8.87934937052e-08 8.63107722678e-102 0.0 2.17546085142e-110 1.78906075025e-156 3.39838643372e-96 0.12543618443 0.0 0.0321255844539 2.44244599127e-31 
0.0784195810852 5.03660070842e-50 0.0 0.0713699785 0.0 0.0307688778982 1.30563193846e-146 0.0230959371966 0.0977915907615 4.62969731131e-313 3.61418172135e-97 2.31087932434e-71 0.0 8.42374545702e-16 2.7955483781e-57 2.61972851433e-146 0.0122307113521 1.57110919872e-129 0.014598723329 3.09244371837e-311 1.21646704961e-87 0.173092298623 0.0 0.183164467112 2.31611918584e-30 0.0286131868004 7.65935039237e-164 0.0 6.65098611335e-127 3.24411512375e-100 0.0282409333533 0.0 0.0149436466461 3.88580029519e-141 0.0 7.11066819997e-30 3.87833819933e-09 5.73400811436e-54 1.48881938861e-125 0.0 0.059812723852 0.0533595739686 1.68508856018e-29 0.0164397924081 0.114057973235 
1.36919559386e-73 0.0 1.73938890332e-47 0.01684117788 7.35093128859e-191 2.79562465917e-161 9.72405866731e-106 0.0 8.61150223039e-210 3.86591877043e-104 5.251717064e-211 0.0 0.0702347156329 0.573326442292 3.259985836e-67 0.0447545684404 0.0 0.0 4.6972547727e-68 2.95814937511e-81 0.0331917909114 6.60255241666e-58 2.54152071498e-35 0.0 3.94036967309e-92 7.72843586367e-69 0.0 0.0683356237388 3.96691837878e-302 0.0830225752924 5.32552539948e-314 0.0513726161074 1.97026653172e-295 4.83501414428e-104 9.82347559434e-14 9.10032725112e-169 0.0 5.14697350374e-137 0.0 0.0431355321414 0.0157849575632 3.98845696131e-180 2.96617485864e-130 1.87278293729e-70 6.28569507701e-61 
0.0244205364838 8.11660364897e-243 0.0351330069992 1.51528670326e-08 0.0229488291104 9.52116539083e-172 9.765928901e-199 3.7000636562e-254 0.0225630640861 0.18071132178 0.0909596217171 2.09271583813e-44 0.00699263932068 1.89527694507e-126 1.26921692996e-06 2.70864854988e-33 2.92029306275e-217 0.0 1.4888682648e-37 2.14373371091e-98 7.46234642039e-154 1.32093946367e-131 1.68243862149e-43 5.32478289099e-306 4.70886636068e-98 0.066952439194 0.0 4.91317515438e-22 2.49614355523e-214 4.91741244783e-190 5.67549327201e-298 0.527483510328 0.0 2.08849204216e-241 5.59507183311e-50 1.43750748416e-111 9.56955593212e-215 2.76640256386e-235 3.63733931387e-277 0.0218337466115 1.0804150432e-128 7.12924588481e-50 2.6534926132e-231 2.80421986974e-71 1.77093873319e-58 
3.93185612629e-37 0.000372682956498 4.418109972e-268 3.53720838614e-07 3.30806452945e-102 1.39051176219e-25 5.24947991734e-60 1.42512183134e-59 1.00249006649e-59 0.0 1.29374267838e-215 0.583527672975 0.00363721803811 7.95045212766e-58 5.89220690326e-37 2.20507181899e-140 6.13545021694e-82 5.56113851588e-49 0.0384713661589 7.98978170127e-277 0.0182666098556 0.069599535069 3.17485588359e-215 0.0117802497784 5.79853113569e-35 0.00339292304546 0.0200801551877 3.74698230466e-257 1.88780245683e-57 5.48471101088e-100 1.84517416951e-129 2.65187875392e-254 5.02171111375e-14 2.88272492783e-204 1.61332130197e-250 7.81352618878e-22 0.112274417071 0.138596816143 8.01162803828e-28 7.82826637325e-182 7.47363342767e-88 1.05606503793e-213 1.42217087925e-32 1.35161025455e-88 4.64169404386e-35 
2.51586536454e-164 0.0 0.00367476396088 0.0160028990644 0.0490098578291 0.0 1.3871732815e-83 6.34990953716e-123 0.0751147583894 6.02444887204e-137 0.00797676266967 8.22070628463e-196 2.60559033081e-11 1.15580474231e-136 5.58210811411e-05 0.0553450505621 0.0042899865341 0.0 7.95895953238e-48 0.000240689824501 9.09087114303e-252 1.75433051604e-200 5.96596845363e-27 0.0 1.59780372697e-152 0.0206926297558 0.0 0.0204504225238 0.0 7.05339457537e-103 8.04582746598e-39 0.71852318776 0.0 0.0116530266654 4.3863776363e-24 8.23677402157e-146 0.0 4.57023168307e-171 0.0 0.0169701433535 2.44286222188e-170 1.50433754636e-205 3.45756696934e-16 0.0 6.09982541548e-72 
1.18074211444e-45 0.0 0.0169586207861 4.03006171784e-285 0.082234013351 2.65136416116e-303 2.01617152413e-86 0.0 0.0 0.0604970501373 2.13863877521e-116 0.0 1.09299927467e-261 1.01207106813e-114 4.71308462768e-29 0.0890664126214 0.0 0.0 2.00516453698e-126 2.67576469947e-101 0.013038750768 1.15070421884e-306 2.02839530523e-19 0.0118272531047 1.09446284505e-264 0.113686361667 0.0 1.20249539095e-12 2.85613031955e-294 4.11757391369e-68 0.0270929257372 0.461359975638 0.0 0.0719732205318 0.0218832152002 4.62421506986e-107 3.63178922072e-281 3.66260899206e-203 1.39464413721e-64 4.2273531168e-32 1.69922967802e-75 1.17170692323e-14 0.0 0.0303822004563 3.63215079844e-113 
0.0392385979882 0.0 0.0309601782276 2.14916087242e-123 0.0645914867837 2.64704372788e-236 0.0320253708358 1.74555851607e-153 0.0799531560946 1.13684033702e-29 2.21166408256e-88 2.03938898291e-222 7.86227517478e-46 2.4574786344e-110 1.22582111044e-189 3.49286137618e-115 4.3189221259e-43 0.0 1.245297401e-318 2.38607038917e-109 9.42288097376e-39 0.0 2.52663524254e-19 0.0 1.21173979893e-246 7.14617211959e-296 9.97748330035e-297 0.49409031791 0.0 0.0243721082745 0.00404721157745 0.0140436240444 2.30074665847e-251 3.44888633793e-133 7.56126045815e-88 7.06067470743e-278 0.0 8.69934544771e-100 0.0 0.188266757508 0.0 0.00919031859505 2.28452635331e-79 0.0192208721607 4.00663164789e-214 
3.47670635279e-264 3.78115375991e-102 1.82204823713e-71 0.0 0.0 0.0 0.0263628451579 0.0 1.17059397595e-77 1.02135903644e-95 9.96459537237e-71 2.36531256117e-62 0.0 2.6986689246e-165 1.01726303601e-168 4.00269864143e-80 4.18914965943e-41 5.69335579452e-103 0.0 0.0264358221281 1.21491840109e-125 2.05241687388e-316 1.57207621969e-18 0.0 0.0 1.41581847246e-313 0.0 9.62732486124e-43 3.84764632344e-105 1.04459977401e-33 0.215352956957 0.0270250675375 5.64900028597e-69 8.45201408328e-312 0.0 0.0 2.45774014394e-71 4.08273706069e-127 0.0 0.0 0.0 9.66720323543e-275 0.70482330822 2.17428454852e-264 1.49358972661e-198 
1.50869069269e-167 6.4753230545e-25 0.0 4.48817701611e-153 4.60179289399e-97 1.81508107845e-08 1.09272322237e-94 0.0774858258852 1.19002917617e-20 4.05973098085e-299 6.7080662708e-126 0.000347174858172 3.63180686041e-198 5.0379736136e-40 0.047779032627 3.33254360049e-75 1.28166025459e-18 7.56819616583e-49 0.0232141265594 2.44987696974e-303 3.78869602719e-09 2.20379093769e-91 1.88434323035e-201 7.78603576208e-143 2.10916854269e-139 5.60558720687e-21 7.0176967416e-99 7.54006867596e-309 1.59402032646e-25 9.51519555172e-56 1.41079924467e-23 8.31660959224e-311 0.37208033016 0.0126578770793 9.37007318369e-50 9.20082643969e-57 0.381342292913 4.44169136643e-31 2.03552117468e-185 0.0 6.87807297486e-201 2.82647464996e-188 0.0850933179777 3.05303235367e-160 5.49109682015e-75 
0.0794414831158 2.03140775327e-230 2.59030234076e-138 0.0690232665661 6.60024479649e-218 2.88987353695e-33 2.26687899072e-172 1.53151243546e-112 0.0282451227608 1.6572609544e-252 4.20824034279e-232 0.0 1.56140168149e-34 2.48828649563e-74 1.56087233735e-21 2.6784053751e-117 0.0376822553767 1.9566639034e-243 7.89771993119e-106 1.5590972739e-187 3.21204962903e-73 3.33401641883e-35 1.44688083669e-64 1.46089579498e-08 0.294081601692 0.253115949412 0.0 1.33316371247e-142 9.42847525965e-176 4.68278016137e-14 3.19076977207e-123 6.98125322827e-72 0.0 0.0364057905336 3.55592183778e-67 4.93159708653e-31 3.88023188877e-202 4.51120635906e-267 5.71823118189e-183 1.00488056349e-107 2.63596629661e-75 9.50747495534e-27 3.24110141445e-131 0.151433840028 0.0505706759062 
2.10957306865e-126 0.0429403487836 2.93345084294e-22 0.0703638640349 0.0 1.53589723518e-171 0.0 0.0110947821874 7.54595523942e-167 4.4083083921e-303 0.0164311395015 2.46998523988e-290 0.0 1.63789309619e-67 0.323494762515 0.0 0.189513512936 0.0219707561546 0.0160490290743 9.33863936216e-283 0.0288414120484 0.0271492063929 2.09230953276e-184 0.0459646232954 0.0425022296543 0.00413937938014 2.70611211041e-267 2.24493952809e-147 0.0128458862369 0.0 0.0392695577471 0.0124901382312 2.24063094264e-54 0.0 0.0 0.00525310815999 1.02935724838e-56 4.26025997391e-172 0.0896862636667 0.0 4.29296366954e-209 1.14884554014e-37 6.12795809667e-121 1.56999593411e-258 2.59198511412e-14 
2.1556811134e-124 0.0 0.00151639753743 0.0941702608408 0.0672831980533 0.0 1.07378634049e-179 0.0 0.0117126255491 0.0567853868651 0.0 0.0 1.00747499953e-13 2.21394346834e-80 0.000228194752177 5.78329563398e-128 2.90342953385e-06 0.0 1.65661028553e-58 8.93738597287e-47 0.0 9.47634484545e-126 0.0568040758577 7.69026005309e-177 5.21156043317e-117 0.0760909666569 1.61238573592e-195 3.05868278266e-59 0.0 4.74955214019e-84 2.17996134263e-305 0.505938666658 0.0 0.1294673238 2.82602535185e-102 5.84006359037e-89 0.0 1.33553558686e-246 0.0 7.09755749897e-21 3.36417638714e-298 2.32744117504e-17 9.2772772609e-73 0.0 1.31198024378e-84 
4.7279556462e-128 0.0752881393857 5.65680231414e-53 1.08769110742e-11 2.65123472311e-121 4.91051671159e-148 3.16266354961e-184 1.48833639441e-148 1.65837487948e-22 9.75043395351e-07 1.25376085599e-132 0.00035754436398 0.0 2.44774922913e-21 2.56619032797e-45 3.03979314541e-145 0.00031757597439 0.139379338881 0.0519326653016 0.0037081089876 7.97469123396e-15 8.329323146e-54 2.51068151699e-41 3.45295018979e-150 2.38014336365e-73 1.28996237451e-53 0.00988178409023 4.9930047111e-06 0.124124047666 1.44502455924e-124 7.26053550497e-85 0.000544694262654 7.86291786696e-42 4.7244028293e-183 1.9955686004e-311 8.62499564996e-86 0.434163114081 2.61246143817e-20 7.93520222754e-303 0.0 1.70909749642e-148 5.39788928293e-179 0.160297018781 1.85326310108e-219 1.65563432192e-10 
1.05857063053e-136 0.0 2.17498346425e-17 5.79469822365e-06 1.37287549892e-245 2.61261784617e-82 3.77662719416e-315 0.0 1.74888202181e-162 3.07368161564e-154 3.86646847163e-127 0.0 6.69099531074e-119 0.00235560961 1.17271813494e-05 2.64215047359e-182 1.06878832505e-289 0.0 0.0139297931771 0.0134989643375 4.63325104962e-98 1.06093575582e-89 2.48158326377e-127 0.163279283346 1.16930103422e-151 2.07235626543e-18 0.0 1.77332177461e-12 9.38949745588e-301 0.0496209003653 0.712979116928 0.000317625741999 8.13882206304e-138 7.90522629707e-96 8.28863457427e-55 0.0318617415082 0.0 8.78794289677e-178 0.0078804156334 7.16036958146e-265 1.14239450489e-118 1.15338915588e-113 1.62615588271e-150 0.00425902747053 3.74489447071e-49 
1.1096916208e-17 8.39283562032e-76 0.362696927855 0.100771101374 0.0 0.145443706734 0.0 0.0 0.0 6.19047877623e-175 3.6624218904e-108 0.0 8.7995783993e-14 1.12502191532e-247 2.40910707712e-92 0.0 4.18750978653e-305 1.77800207149e-185 1.98169566685e-60 4.66235697147e-142 2.84190328911e-167 3.55932095634e-210 2.27911825425e-102 1.63611470608e-70 5.43896893419e-187 0.0 0.0 1.68683574117e-63 1.29739003373e-216 0.0 1.12009721283e-271 3.47189260088e-41 6.49797704441e-271 0.0 0.0226111510518 0.354298927846 6.68456947241e-146 0.0 3.28400495086e-118 0.0141781851382 6.84094556087e-21 1.95260591524e-216 0.0 5.67720384777e-94 1.86670188914e-153 
0.024941938607 0.146504786208 0.0 1.36282456584e-62 1.39973439788e-185 0.00713301031234 6.9323189097e-171 1.5746029331e-77 6.41730928534e-103 0.0 1.91175378519e-24 0.0590030666717 3.89583165476e-115 3.74629744421e-27 0.0114631378874 7.9550357004e-199 0.00142558570455 2.11227455742e-20 0.120439533774 0.0 0.178657027362 9.16405202659e-51 9.20019231705e-204 0.0290786881745 0.0155240042134 3.81287788108e-40 0.134047582016 2.74616891278e-177 3.26314121972e-13 3.50643693922e-88 0.0062983147737 0.0 0.139796306968 1.04571708188e-130 1.265676916e-152 4.57317755269e-21 4.74937116974e-09 2.41660947412e-47 0.111274054283 5.00377345916e-203 2.9456233592e-05 1.40013491729e-143 5.69305829114e-21 0.0143835020616 5.65666844457e-60 
1.22596743335e-232 0.0 2.02100955399e-37 0.0366194848608 0.0478166137459 0.0 1.84678436655e-179 4.01119879151e-248 6.82836910336e-178 3.4641303504e-94 0.0110234863062 0.0 2.15867939204e-230 1.07395995167e-89 6.93220896092e-29 6.01146750686e-89 0.0 0.0 5.81187460636e-46 2.25733945329e-77 1.29247248263e-167 6.85248555961e-176 7.03808642004e-38 0.0 7.0703621155e-77 0.128039636671 0.0 8.08557915572e-51 0.0 2.49110042788e-184 1.33640247558e-258 0.507055433372 0.0 0.242361188712 5.19267497519e-180 1.71522326119e-110 0.0 5.12115185649e-154 0.0 9.81596228938e-259 3.48284666968e-230 0.0270841563317 1.92233875062e-248 1.97450247472e-303 6.17681834854e-17 
4.36443210972e-53 2.63371734041e-49 9.70035114233e-81 0.178798897662 1.74564827826e-65 7.23428468212e-40 9.20301781153e-72 1.36252472948e-53 1.74362711232e-35 2.06538529681e-77 2.24101952678e-147 1.36087597385e-183 7.72824140971e-29 4.02923137266e-87 0.376449551932 1.81701923786e-155 0.247289873184 1.18953895532e-74 4.81388748901e-64 1.35012933747e-86 2.79169523093e-188 4.34325860511e-80 2.78283166701e-21 0.0300260465719 3.49530482359e-44 3.87441719488e-15 1.86422824628e-163 6.58304577671e-68 1.31128337943e-57 3.53896225085e-163 5.77098750584e-114 1.50737238641e-23 3.16295986468e-276 0.0689707108539 3.67444383194e-138 2.16014932183e-11 2.48439033211e-74 5.26111718899e-110 4.41728562832e-146 0.0259805882967 1.40811030858e-81 0.0724843314786 3.56894567003e-90 2.13123832332e-27 3.37154434706e-19 
9.18471714386e-175 1.3233421398e-238 7.38973471888e-50 0.099822534849 0.0 2.29185779288e-87 2.60573737587e-221 0.0 0.0191871864941 5.87031213663e-167 1.61765891041e-253 0.0 6.66242546347e-273 0.197868712376 0.328989229371 1.84854054829e-293 8.10496989152e-204 1.4026878736e-239 0.0767750417743 1.27428195826e-129 6.69246669785e-62 0.133576695256 1.22714381896e-50 5.77308537096e-17 0.0130223304079 1.36833549857e-22 0.0 1.21082670089e-79 1.19992686507e-149 3.88844722412e-271 2.28924876067e-94 0.0581222200125 2.59638988925e-278 9.35238672868e-191 0.0 0.03217658107 1.24362357914e-198 6.69191134973e-207 0.0404594683892 0.0 1.53468490338e-87 1.00802189926e-207 2.08975566476e-234 1.04174751037e-81 1.03284172258e-62 
2.90144978995e-229 0.0 0.0 1.81862742893e-227 0.0 1.30773912552e-83 0.0 1.0 0.0 0.0 0.0 0.0 0.0 0.0 0.0 0.0 0.0 0.0 0.0 0.0 0.0 0.0 0.0 3.01264652715e-194 4.28660730971e-120 0.0 9.23450453589e-92 0.0 0.0 0.0 0.0 0.0 9.89648072721e-315 0.0 0.0 0.0 0.0 0.0 0.0 0.0 1.52038899936e-143 4.02751471896e-153 0.0 0.0 6.30504076791e-95 
5.78283460443e-186 0.00900118208445 0.0 9.71970668781e-151 4.13280998119e-62 0.10460426581 9.10917718364e-140 1.00130413488e-175 6.56627957098e-113 0.0 2.11261671558e-64 0.0236407825772 0.0 1.37866930038e-17 0.00429159238042 4.57351888999e-240 1.35427618588e-194 0.156032489579 3.63044506062e-05 7.70494712554e-176 6.62547127002e-32 2.81225499253e-111 3.08334564073e-236 0.00244014109379 1.99838906388e-124 1.54291368183e-57 8.92686501752e-67 0.015525885921 2.03273614281e-104 5.77117616359e-42 0.0190805877058 0.0 7.00498807858e-122 1.24104705551e-203 6.76279634893e-168 0.564665130953 5.14005302706e-102 0.0595186169203 0.0178632012997 0.0232998192255 1.86435968017e-211 2.1504362135e-267 1.82604703167e-93 4.43989857168e-60 8.53233616728e-150 
2.08394766237e-86 0.0 3.19851346093e-85 1.67647235136e-206 2.78116733037e-55 1.42666763369e-131 8.25063774159e-73 0.00684088481629 0.549964499707 6.05572800652e-53 2.87577150192e-101 9.41427550239e-253 1.61113966893e-08 0.0061153386869 1.22318382052e-289 4.73161441596e-20 2.06305542302e-246 0.0 0.0 5.51562952682e-73 1.84563704188e-122 3.99116604089e-318 4.79588190111e-06 1.47274488477e-33 3.98554711763e-101 0.0 1.36822965907e-177 0.0284015068095 0.0 2.22242655774e-57 5.60420396553e-186 1.84870872653e-54 0.0 1.8941390713e-46 0.408672957987 8.56865638777e-276 6.32229996135e-311 1.28860732669e-126 0.0 5.12446552299e-54 1.22050281183e-175 9.14797539856e-101 1.18808645778e-130 1.5387011897e-286 9.01805726663e-52 
0.0 0.0 2.40269025005e-48 0.0 3.87272676705e-22 0.0 0.0814104350251 0.0 2.18275868123e-304 0.360767502209 9.4741825494e-179 7.10884327258e-223 0.446332047767 0.0 8.65954812487e-305 2.16929776011e-05 0.0 0.0 7.290894632e-302 0.0395048657481 0.0 0.0 0.0719634562732 0.0 0.0 3.21654163423e-286 0.0 3.08162029467e-64 0.0 3.67238994433e-19 0.0 5.85621068242e-22 0.0 3.7688146893e-19 2.3110397879e-15 0.0 0.0 2.37499526086e-222 0.0 4.62963686117e-33 0.0 0.0 0.0 0.0 0.0 
9.82536529423e-146 2.30777920314e-108 4.66027667191e-58 0.0201395408386 0.136991407657 2.0240750834e-247 4.61621729207e-106 0.0468643800472 2.06713516103e-87 7.34088823267e-94 4.69334924807e-153 0.0 1.26087918331e-123 5.23435696012e-200 1.03950479002e-138 4.39565840378e-142 6.25725405607e-92 8.35341949539e-142 2.25295776264e-179 7.09214782461e-47 0.0 1.31694037374e-37 1.76774182159e-65 5.94242445482e-93 4.20427752278e-158 1.10071153042e-137 1.00449851573e-191 3.82857427091e-58 3.19405957845e-133 5.3873837916e-260 4.55902028472e-246 0.796004671457 0.0 1.0930709725e-69 6.01939722841e-43 2.10420711184e-75 9.89388456128e-171 2.49943025906e-186 0.0 5.77691662564e-42 1.58761928949e-215 1.10212331119e-15 4.51510659617e-246 7.41009045781e-97 5.65719702647e-127 
0.0 0.0 1.16129583311e-60 2.3462814283e-85 2.63279112466e-05 0.0 9.86429755711e-75 0.0 0.0289821997851 8.05936139854e-80 0.0326884657261 2.20055627487e-199 0.141704520517 0.0 3.52754242415e-298 0.024657269623 1.41542798042e-220 0.0 5.27706290376e-189 0.740835932031 4.63626995327e-291 0.0 1.17523612172e-51 0.0 4.47570530716e-274 1.9137511955e-280 0.0 6.86381850832e-12 0.0 1.46157537797e-33 2.16610243593e-103 4.18360487547e-58 1.19552318326e-238 9.83861647105e-148 3.10877822152e-22 0.0 1.32215893167e-315 0.0043558754572 0.0 5.2702855476e-62 0.0 2.30380052986e-222 0.0267494089428 1.49444951153e-309 1.93783135731e-240 
2.63449675266e-160 0.0 0.0441516084519 2.22194886962e-114 0.176990639706 0.0 3.88538182029e-65 1.02568031329e-100 1.16597117572e-119 0.246472301531 1.79755532446e-45 5.95312670485e-14 1.29786587595e-49 3.86813757958e-300 1.39145443234e-213 0.217612412434 3.42695353739e-258 1.09890886908e-312 3.70571472619e-191 4.52249212566e-57 4.10449666595e-256 0.0 4.01657791069e-47 0.0 9.96616245876e-109 2.85239835271e-145 5.80075010291e-248 5.73148708015e-46 0.0 7.21404820421e-27 5.13001267365e-277 5.09093225407e-35 0.0 8.61445907153e-31 0.249190038265 0.0 3.5423176003e-313 7.94670669644e-79 6.14694925415e-198 0.0357507909984 9.43426223225e-131 0.0298322086143 2.56210468703e-163 0.0 2.10567366871e-174 
# The emissions
0.0 2.840119097e-53 1.89381429897e-180 0.216707378065 1.36703551654e-189 0.0872383795334 4.77696762167e-25 0.0829754755414 3.98524315119e-105 2.86443374106e-63 0.00768235383686 0.00352767334037 0.0190775363332 0.0974846151938 0.0 0.0144826713968 0.0 4.32191244854e-72 9.99931312057e-18 9.25577468458e-44 8.77966092775e-257 0.213564875316 0.257259041443 0.0 0.0 3.34823416332e-116 
0.0 5.19834107084e-258 5.06289478268e-275 1.96570933378e-282 4.70504344594e-89 3.64403516625e-85 1.04725323525e-99 3.28452219659e-236 1.37196825948e-138 0.0 0.0 0.0479859198169 7.92326239406e-81 0.91964159211 1.06917727249e-266 5.46888345445e-107 0.0 0.0323724880735 4.97359506111e-34 1.35131801814e-104 1.47826247228e-226 1.59585486344e-117 0.0 0.0 0.0 5.21374408989e-170 
5.06581416606e-136 0.0 0.0 0.0 0.339209588471 0.0 1.49467408078e-204 0.0 1.87519500283e-142 0.0 5.29884149544e-188 1.15527904406e-177 0.0 2.41124527913e-134 0.660790411529 8.83452278538e-72 0.0 0.0 1.36714125853e-192 4.38680319584e-135 2.65737969667e-53 8.77778939881e-97 0.0 0.0 0.0 0.0 
4.08859280676e-104 2.95419680877e-124 4.32536474385e-139 3.90859508232e-161 7.31707574253e-133 3.8341251935e-76 7.41601921085e-81 1.27817797751e-211 8.8092326853e-55 7.74262746391e-233 2.08114161091e-122 4.12264942116e-133 2.96711197367e-133 5.50116930819e-135 3.69162930174e-76 6.00467377208e-128 0.0 2.67597976729e-119 1.0 7.49372707633e-104 5.59404150853e-190 1.27166654187e-202 4.46255540017e-239 0.0 0.0 5.25057239034e-92 
1.30336940167e-20 0.0 0.0 0.0 1.10467027768e-34 0.0 0.0 0.0 1.62537634296e-37 0.0 0.0 0.0 0.0 0.0 0.068245055315 1.65806842592e-161 0.0 1.51383803218e-213 7.09112994313e-171 1.63183294377e-157 0.931342011996 0.0 0.0 0.0 0.000412932689127 1.53993361927e-217 
1.2133626232e-39 6.49307150841e-44 4.93417557204e-294 0.0255499721878 1.17456879113e-244 0.37289042421 2.7266246305e-11 1.2815939167e-136 2.35739489995e-15 4.51044874667e-133 0.576163115213 5.06974990594e-44 1.86860698264e-68 3.25390073706e-48 0.0 5.84429827487e-102 0.0 8.1991559245e-123 2.1057221082e-55 3.53323166159e-46 0.0253964883622 1.13107155797e-92 1.92668897066e-143 0.0 0.0 6.92412880585e-58 
1.54949221109e-20 6.58138864826e-189 3.06868923394e-111 7.28306190243e-89 9.1910472779e-50 3.81263774609e-284 0.0 0.0 0.678868418484 0.0 0.0 1.17009065067e-310 1.54234109503e-250 0.0 4.14482325224e-21 3.82605738119e-249 0.0 0.0 1.47087507859e-310 1.86004315783e-140 0.321131581516 0.0 0.0 0.0 0.0 0.0 
0.0 0.0 0.0 6.42205133834e-139 0.0 0.0 2.91215847247e-256 0.961866926769 1.58124655477e-296 0.0 0.0381330732311 5.07755624795e-240 1.87181324053e-302 1.38817611073e-273 0.0 0.0 0.0 6.41301054128e-276 1.2529452896e-95 2.76506773989e-277 0.0 0.0 0.0 0.0 0.0 0.0 
4.66819632986e-174 1.41675441968e-110 0.0 0.0116327992713 1.44159161818e-61 4.44126472598e-88 7.6446817969e-118 0.0160705641647 1.39234959218e-156 3.18596697213e-229 8.72695251788e-148 0.212697776392 5.11495454715e-58 0.00815708654118 4.8732616081e-171 2.59159800697e-140 6.24695374958e-291 0.743128831275 0.0083129423561 4.78802074979e-77 5.32746680374e-286 0.0 4.85104296847e-88 0.0 0.0 2.2350493281e-120 
0.0151023541516 8.6790383668e-281 0.0 2.27318459703e-283 0.967753689243 1.45733940095e-290 4.13811926437e-282 1.72116779333e-203 2.11642987991e-114 0.0 0.0 0.00947268983067 1.56601225001e-106 6.33758677671e-173 2.43869500653e-161 3.31094510844e-183 0.0 2.70722789378e-147 2.7013845155e-213 2.17530739894e-85 1.72587860062e-141 0.0 0.00767126677502 0.0 1.74656805943e-197 3.31754709457e-234 
7.6378713579e-280 0.0208122964632 0.0 7.13146757138e-162 4.6789715075e-90 1.75705629067e-178 2.54409731806e-64 1.00653585776e-59 9.42250631872e-152 0.0 3.0880395373e-187 0.704104742769 1.27602509879e-53 0.0571634696201 7.00444039086e-215 0.161418580791 0.0 8.78534141171e-36 1.27134339769e-55 3.92287150746e-51 0.0 4.38568403137e-253 0.0565009103566 0.0 0.0 5.00742869432e-97 
1.5180137319e-203 9.29065546532e-94 9.05974992885e-317 0.0 2.3937879371e-231 5.59004402253e-60 3.39758199469e-62 8.5727605118e-201 2.75285871253e-169 0.0 3.76690887736e-272 0.000242285381349 7.24924049705e-75 6.24774427122e-51 0.0 5.58035571876e-166 0.0 0.999757714619 2.26574189037e-27 1.09631264032e-87 2.84037827949e-103 0.0 0.0 0.0 0.0 4.08117055481e-232 
0.999604987332 0.0 9.9943530223e-233 5.27349043715e-187 9.08402146828e-13 1.57583150836e-280 4.49835140484e-78 0.0 0.000395012667237 2.65357859515e-237 0.0 3.81153677816e-234 9.13740007871e-160 2.49054111172e-306 2.82117985594e-79 1.22127089378e-81 0.0 1.29647837985e-161 8.05807745886e-265 3.31658699092e-126 3.45015674003e-52 0.0 0.0 0.0 0.0 4.88270943176e-101 
1.89804368985e-113 0.069155945123 0.0 2.0764114001e-161 2.74185450604e-133 0.494929186118 1.2855589442e-13 0.0 1.33318920698e-56 0.0 8.27662174801e-182 4.48727886776e-168 0.344470674167 1.54907666761e-189 6.70657222438e-162 0.0542098643205 0.0 2.00798879099e-232 1.49739178126e-27 0.0372343302718 0.0 0.0 1.24358790609e-155 0.0 0.0 3.66448022806e-194 
2.23073360671e-167 4.24317369366e-16 0.0 2.37604063109e-24 1.97952288797e-174 2.26140464532e-46 6.96956386733e-69 2.21767260399e-158 1.62855709255e-255 0.0 2.98442724635e-151 2.33368099873e-05 1.85661856471e-127 0.0946470096997 0.0 0.0 0.0 3.14868889598e-21 4.11378288843e-24 0.90532965349 3.50490663572e-297 0.0 4.59909951153e-151 0.0 0.0 3.72935921817e-138 
1.65341414856e-27 0.0 0.0 3.62534210805e-142 1.36237906638e-66 0.0 0.0 9.26241497426e-210 0.995788555324 0.0 0.0 0.0 1.42457387587e-158 1.71075641932e-292 1.27262093588e-41 1.38852253704e-243 0.0 0.0 1.21418975545e-253 1.75378087248e-218 7.21938646133e-32 0.0 1.59974281269e-316 0.0 0.0042114446765 1.31183006733e-230 
5.41679874247e-159 1.82784298269e-76 0.0 4.35642636856e-111 5.77258298048e-225 1.05878995316e-60 3.90208796872e-56 3.8352652579e-102 7.02119501406e-61 0.0 6.07282512128e-40 1.58937690681e-70 1.90078244163e-87 1.0 0.0 3.44170179398e-112 0.0 2.35517309123e-67 1.27125852653e-51 1.23081579125e-42 4.4889195115e-89 3.17941470399e-306 0.0 7.75699289618e-244 0.0 1.32135643618e-116 
0.00430108638375 0.0 0.0 0.0 9.03482042308e-125 3.06075261084e-111 2.30201061289e-135 0.0 1.19934352226e-142 0.0 0.0 1.43024332064e-79 4.25069807734e-71 0.97595244776 1.77960625994e-247 2.60507086435e-244 0.0 0.0197464658559 1.21610052161e-153 5.20769439941e-87 1.26988098993e-138 0.0 0.0 0.0 0.0 0.0 
7.06510517118e-220 2.38930431897e-85 0.0 1.18796038322e-159 3.46184864534e-100 4.04947391245e-82 5.84703147044e-71 8.13581898508e-293 1.94642771435e-84 0.0 1.92616156705e-184 3.00875275605e-56 2.56759201699e-108 1.68811473676e-23 1.20508015154e-155 0.0147630519693 0.0 1.62559677883e-21 0.546758738136 0.438478209895 6.01601085038e-167 1.05010703481e-285 1.22232895865e-311 7.05665669418e-184 0.0 6.64185866769e-106 
2.69636683867e-64 0.0 0.0 0.0 0.992771317992 0.0 0.0 0.0 0.00722868200797 0.0 0.0 4.28325533796e-152 8.47156817502e-247 4.63444226412e-225 5.92887118186e-68 4.660038955e-160 0.0 8.11077923783e-216 1.42681756302e-129 3.57784780374e-176 6.90891502726e-94 0.0 0.0 0.0 0.0 0.0 
3.79287103699e-142 4.90704765446e-15 0.0 3.38980146924e-81 5.54469501624e-206 0.158448157736 3.02730182718e-36 4.01583562001e-141 2.7225093799e-136 1.51521955004e-278 1.66933263133e-243 5.92410430727e-53 0.745147497142 7.90843600969e-97 0.0 0.0964043451229 0.0 1.3822760713e-42 3.71689624042e-44 2.44907456809e-74 7.93840304299e-80 2.8274734706e-151 1.04197098261e-238 2.31605763957e-199 2.98029988784e-79 4.27728355915e-123 
0.0 0.67267037566 0.0 5.65307089689e-73 2.76192290374e-299 1.10286335722e-75 0.0249930989122 1.8206856483e-26 2.6193693011e-228 0.0 2.5831050818e-218 1.30282432438e-46 0.0445852881124 1.61864589458e-52 0.0 7.96443394538e-245 0.0 7.75551720693e-07 0.246814365665 3.16610517952e-11 1.6485044979e-70 1.51970301445e-201 8.61285659867e-203 0.0 0.0109360960665 7.31072088241e-40 
0.0658779133127 0.0 1.45556043738e-278 0.00391569396838 0.645117155837 0.0 4.97639047888e-308 0.0 0.0551605017462 0.0 0.0 0.0 0.00656035537926 0.0 0.182167377396 0.0 0.0 1.27963002273e-321 5.5634302705e-277 2.79827144088e-315 0.0412010023605 0.0 0.0 0.0 0.0 0.0 
2.52106132082e-231 1.99706360139e-99 0.0034773462273 0.536561921471 6.58995267148e-291 2.80566001657e-92 0.459960732301 4.4390750252e-96 3.07970648689e-47 0.0 1.28056674432e-18 5.01389206806e-80 3.94580486666e-126 1.85597570074e-44 0.0 0.0 0.0 3.05022108876e-124 4.86284929316e-85 2.34231451783e-40 9.14372749118e-171 8.14851760771e-188 3.42176822599e-179 0.0 2.05147980879e-178 2.45298731372e-78 
2.21122280397e-220 3.618788914e-68 2.37601307322e-281 1.30519320386e-71 1.14974987915e-149 8.14997208686e-229 7.72439624822e-116 7.09122618407e-47 3.85841445228e-128 0.0 6.79186808417e-38 2.03244546844e-159 9.95424208321e-111 1.5293961536e-10 1.39707756604e-302 2.56847333693e-202 0.0 2.57804272583e-171 0.462397698044 0.0075082908418 5.9263890372e-214 1.53843982855e-233 2.75456212836e-32 0.0 1.41015524218e-253 0.530094010961 
5.28365352733e-146 1.88944117872e-158 0.0 3.59762839148e-103 2.96502227193e-118 7.72973542388e-122 2.75687631525e-149 3.52243198847e-148 3.36629526063e-89 0.0 2.95910814925e-129 1.26822394153e-61 8.65742202895e-79 2.20491622016e-162 1.53291972019e-111 1.50918810863e-115 0.0 5.37569370682e-103 0.0094161572695 0.985101635972 0.00548220675811 2.45766064386e-168 3.16915412375e-132 0.0 0.0 5.62812704845e-37 
0.053610055799 6.53962426368e-74 0.0 4.47100641964e-225 8.70643868733e-200 1.37149710599e-181 2.44836618066e-128 0.916423904638 3.86216995752e-98 5.75600941671e-315 0.0 1.26044390226e-143 1.00273459126e-60 9.47773878119e-101 0.0 3.44312504659e-268 0.0 0.0299660395633 4.29500996492e-164 1.02677011974e-199 8.97513118787e-112 0.0 0.0 0.0 6.12170095293e-234 2.07977825447e-162 
1.00747757394e-77 0.0 0.0 0.0 1.0 2.35079398685e-318 0.0 0.0 5.68752250823e-15 0.0 0.0 6.34163572606e-303 0.0 1.3291304149e-290 5.45996207273e-42 9.35709361674e-187 0.0 3.20321174674e-271 3.69007279887e-199 2.05983458787e-200 3.33934399513e-157 0.0 0.0 0.0 1.00177084481e-193 1.11347422494e-223 
3.13941777633e-168 4.76650424986e-199 0.0 0.0 4.33022390142e-83 1.03074047219e-154 2.52115091376e-127 9.95016282143e-294 8.67617724819e-98 0.0 0.0 3.0096304212e-53 0.0797779875502 0.871468325326 0.0 5.24962729381e-74 0.0 3.83464282173e-14 0.0487536871238 3.68897379318e-82 3.11288312113e-108 0.0 0.0 0.0 0.0 0.0 
0.0139443353452 3.23525795083e-285 0.0 0.0 1.31664214698e-156 6.78162141593e-66 5.32632315056e-102 1.02272887883e-151 0.973742960304 0.0 2.44582136294e-148 3.07866120547e-40 1.48260973934e-142 9.47757586625e-34 0.0 0.00743501251353 0.0 1.25871138424e-81 1.49996298679e-110 1.18315469201e-155 5.13394173423e-43 0.0 0.0 0.00487769183762 0.0 0.0 
0.0 0.0262873202212 0.0 1.09983469576e-22 4.58612196691e-192 1.89561552351e-76 7.42612662464e-32 5.42715177598e-162 8.92266866709e-197 0.0 1.49784310088e-82 0.941900122478 0.0158673362053 5.6030553802e-78 0.0 0.0 0.0 8.08914728284e-130 4.70154447306e-130 0.0159452210953 1.1006700851e-300 0.0 4.63635820946e-155 0.0 0.0 3.0971867374e-205 
3.9475741008e-63 0.0 0.0 2.76476264095e-219 1.0 0.0 2.18179368478e-196 0.0 5.98413669113e-50 0.0 0.0 0.0 4.46787395788e-311 0.0 1.53279691316e-21 0.0 0.0 0.0 4.7877187068e-104 1.55295340785e-72 7.45440696799e-31 0.0 0.0 0.0 0.0 2.41590922311e-222 
2.29402134267e-43 0.0478009463165 0.0 5.88696403004e-239 1.67130377748e-101 8.58076617777e-151 6.02056698173e-89 2.84350994065e-44 0.0500273240072 0.0 4.78597300001e-198 0.902133313879 1.71479153249e-74 1.04681003828e-59 9.63609847651e-264 8.64535039881e-171 0.0 3.84157969526e-05 2.64549102599e-100 3.59070391635e-134 2.44136552051e-208 0.0 0.0 1.27607374061e-245 0.0 6.70261218315e-204 
4.71816616935e-133 4.16265013429e-243 0.0 1.49938568648e-141 1.87964864801e-89 3.79594090244e-177 1.30566638567e-251 4.0332516849e-282 1.0 0.0 3.51330123709e-184 3.94704429196e-188 4.63344195003e-284 1.56911952535e-170 1.94819901647e-61 9.01264067424e-232 0.0 5.24024075602e-290 1.21459569795e-90 8.11756962859e-45 9.20503809315e-107 0.0 1.87641870925e-208 0.0 0.0 2.59854287106e-108 
0.493050055485 0.0 1.02854568228e-279 0.00334560810239 1.27612835332e-10 0.0 0.0 0.0 2.94256991687e-37 0.0 0.0 0.0 3.31709111664e-188 0.0 0.429568850628 2.53790595568e-150 0.0 6.87724002515e-269 5.68508759991e-233 4.06314114069e-204 0.0740354856568 0.0 0.0 0.0 1.94453947763e-14 3.07620514697e-213 
2.88168612135e-140 6.16197505584e-183 0.0 0.0624224444553 7.97552664423e-239 7.4131054246e-48 0.498692032544 5.01342227778e-160 5.10734497134e-175 0.0 1.11123367702e-47 2.25491546711e-32 1.03925690058e-91 5.69279293327e-123 0.0 1.51004926156e-63 0.0 1.67965664865e-101 7.72802916654e-105 0.362306589503 0.0284203673218 0.0398141272784 0.0 0.00834443889729 4.98259340448e-46 2.38049544716e-139 
4.74785273248e-280 1.57760971349e-156 0.0 1.6221048167e-316 9.08480876401e-63 3.94094152076e-55 7.02906496471e-113 1.847231714e-214 2.23380673746e-106 0.0 3.08997480308e-79 0.0148353359828 3.72002845596e-58 0.55518588156 0.0 4.02557541587e-12 0.0 0.423175767057 4.47909941757e-35 2.34946115885e-88 0.00680301539632 0.0 0.0 2.29887822213e-154 0.0 0.0 
1.93706815716e-225 1.53335715558e-69 0.0 1.45734354967e-243 0.0 5.9626933153e-80 3.69648079241e-06 9.01800697503e-246 5.80653279995e-238 0.0 3.62776099202e-44 0.241130593113 0.00370045016672 2.61461427394e-89 0.0 4.39004554024e-163 0.0 0.189527026118 4.19921853467e-54 8.1703060643e-89 0.565638234121 0.0 0.0 0.0 1.08081100693e-63 4.0426259423e-317 
1.43696590021e-238 0.0 0.978866743086 0.0 0.0175705407822 4.27169342129e-288 0.00356269473631 0.0 1.53337946711e-228 0.0 7.32775702368e-227 2.88006284248e-270 4.84244529781e-229 5.30520679581e-166 1.00890455993e-118 5.35036516307e-160 0.0 1.0866938981e-172 2.13951486325e-08 1.16200869716e-119 0.0 0.0 0.0 0.0 0.0 9.84500002024e-141 
1.0 0.0 0.0 1.55965416679e-247 3.2951822403e-23 1.23303454646e-303 4.10161744675e-304 0.0 1.46027334908e-37 0.0 4.00416685584e-282 0.0 8.52186376494e-270 3.05698832318e-239 9.35266482848e-67 1.08964905405e-115 0.0 4.6122856785e-243 3.48677885198e-198 2.80168882367e-184 3.30998727405e-17 0.0 0.0 0.0 0.0 1.04000259944e-206 
3.37659179789e-254 0.0557897652075 0.0226438615204 0.0679527078348 1.04421061949e-127 0.221853780924 0.0368663902424 3.83945525343e-93 0.0 6.60340263657e-55 0.193304550253 2.95902052791e-134 2.49820176737e-70 1.33674482236e-62 1.18988645662e-317 0.278559666799 0.0 1.00156516919e-106 1.09143646407e-99 0.123029277219 0.0 9.20086192932e-208 3.44035322214e-70 0.0 0.0 1.91215438311e-140 
0.0 0.000236710543724 6.88466379266e-300 2.47683484192e-75 3.30190572348e-187 2.84352419824e-62 2.69517011509e-22 0.328455242888 2.43334650498e-06 1.09569256094e-219 0.114468296876 0.0902846639147 0.0776804015127 8.72074035342e-50 6.15570320805e-317 1.49541765078e-147 0.0 1.2922010058e-39 1.95053245164e-59 3.15449189492e-31 6.62832271261e-108 1.36776610391e-282 0.388872250918 0.0 0.0 7.83230958873e-38 
0.0 4.35025471293e-151 0.0 5.16082812001e-296 3.59138482684e-67 6.03701152828e-79 2.19468051727e-140 5.38192945034e-118 8.87570367315e-163 0.0 1.67139992552e-240 4.4017139634e-43 0.145762047132 0.216735672152 0.0 0.0 0.0 0.637502280716 8.05584753867e-124 2.22088452311e-68 0.0 0.0 0.0 0.0 0.0 2.23726214905e-210 
0.0 0.293889166078 3.09137249546e-219 0.0228820230939 1.17604534526e-211 1.3387628539e-09 0.524462386546 8.1290201195e-85 1.82024248987e-206 0.0582435711715 4.82648318939e-105 0.0444501034312 7.9537313952e-71 5.56370272302e-111 0.0 2.41857781532e-60 0.0 0.0542295192123 1.37217147437e-39 6.95203950314e-119 1.87482243295e-263 2.22605460551e-72 0.00184322912786 0.0 0.0 7.31066246778e-214 
1.44047519759e-228 0.128648161935 3.14683194522e-119 8.17545638551e-09 1.0186459251e-151 2.19468032316e-14 8.63808764099e-30 0.00621762988204 2.41633982475e-79 0.0439694058357 0.0581379955394 0.0425722148232 0.212169918271 0.0271191735596 0.0 3.22712680715e-83 0.00304002585849 9.31254679365e-08 0.226045080444 0.0646969919783 0.0 1.97416895922e-141 0.0143473323617 0.0 0.0 0.173035968211 