# The number of letters 
26
# The number of states 
30
# The initial transitions 
0.097332414453
0.0211819294274
0.0218691791077
1.51102173648e-11
8.63128046733e-14
2.57808460521e-204
8.95625431857e-18
0.0646037694463
2.64030606092e-23
1.20838288891e-05
6.05508613191e-157
0.0110327548215
0.00221659272083
0.0426877435174
0.0488155816677
2.63061851019e-52
3.62628230973e-24
0.333800746781
2.5895332051e-121
2.48102510108e-28
0.00781509078625
0.00104615003274
0.154131566922
3.46804005122e-134
2.49611953627e-89
0.157682388046
0.0177939959964
4.22085797532e-171
3.88489224606e-29
0.0179780124301
# The internal transitions
0.0 4.42549380716e-43 9.17071131284e-15 1.37941108907e-07 3.56166246802e-70 6.33842050383e-310 6.61832905889e-56 4.92238644167e-35 5.62482119582e-265 0.115610001133 0.0 8.23133986206e-05 0.13448856314 1.82051106779e-36 3.26043772817e-270 3.67988684003e-244 6.84902835309e-281 1.25024796216e-149 9.63643125133e-289 2.90891401906e-159 0.749818984387 1.96095705591e-299 1.06167485691e-266 7.6385946051e-241 1.86602583719e-119 9.65928129381e-109 4.06123901734e-22 1.57623204817e-258 3.58657589843e-113 8.01595558277e-72 
1.75970936844e-06 2.5671844759e-57 1.76120084258e-40 0.0200781378414 6.2770994281e-65 0.121598094129 0.604318544908 1.75433512902e-156 0.000343277145113 1.3198853661e-90 0.0615645540513 9.62962377681e-08 0.0 2.2805332166e-28 0.104072970292 0.0184961933432 2.44410299203e-18 1.65012272949e-30 0.0695263722789 5.06384132569e-28 1.81661964622e-16 3.66511863182e-39 6.10901515902e-75 4.97010581348e-85 2.36942824158e-245 3.41671625539e-140 2.213331373e-208 4.99317537614e-12 2.73647863787e-59 5.45625010709e-164 
1.19548506972e-62 0.0 7.84883989793e-74 9.10199235788e-273 0.0 0.00123184521277 2.42865588923e-63 0.0 2.91224622242e-05 7.47558068202e-65 0.241861922429 3.36595052176e-171 0.0 7.53474029275e-27 0.0590316604782 9.64114473773e-26 0.0695932220675 1.34930584378e-98 4.24026567601e-17 1.2145895509e-14 0.0 6.9127540798e-06 3.897150593e-40 7.80456028398e-217 1.36581576337e-181 0.0128941030257 0.0 0.61535121157 1.13175908213e-223 4.18541390348e-283 
0.00572346766425 0.00652358722571 2.3978635286e-39 9.01790757763e-14 1.06450902422e-63 0.0201524459911 8.2850083458e-104 8.5344017377e-75 0.0144879056267 1.20601933765e-245 0.8964890725 0.00026882837417 1.29604448453e-62 2.11324555855e-68 0.0120377094402 5.59075991063e-56 3.77686852227e-70 1.63830024436e-83 5.53187192427e-29 0.0145282810296 0.0268778019647 0.000219927587864 2.45789736771e-50 2.14214148723e-124 7.61362865858e-272 8.43342002712e-176 5.20657169514e-127 3.31680232263e-51 4.38861063383e-63 0.00269097259536 
0.0627618667182 2.43869720878e-21 2.23111188502e-111 0.0045187433928 3.53018850654e-29 6.01708456795e-121 0.0362157407545 5.16836126238e-248 5.39993586397e-32 3.12987558836e-287 2.13384865609e-31 1.40296157126e-58 0.0 0.114722620403 0.13367254219 4.11040777042e-11 0.000118093115803 0.345275489294 2.64674895782e-55 7.9780958838e-11 4.53492021484e-28 0.000822449988938 0.112033892417 6.90366036957e-91 1.06518506838e-122 0.142353994678 0.00546704668324 1.90261757603e-37 1.77069402487e-76 0.0420375202427 
0.0 0.019073217067 8.6699715923e-61 0.0142181652888 8.89349424615e-62 1.06102268477e-242 1.10028734701e-117 0.0349644164364 0.0 1.12892633782e-100 0.0 4.59277496682e-15 2.57455896957e-80 0.00834610610819 1.75325080353e-308 0.0 0.0 2.24514700664e-164 1.6948118418e-244 2.2044784665e-236 0.00664432026858 0.163154852495 0.0 1.64354390927e-238 0.753598922336 5.78524181877e-210 1.00749393838e-44 1.2575030634e-266 7.02022966595e-78 5.93067920557e-176 
3.01110347043e-141 7.05296895847e-163 3.66555695089e-298 1.00045243704e-94 1.71964063839e-126 9.62769429153e-218 4.98640149331e-137 1.20142531775e-297 0.0867050532246 1.65240238285e-292 0.0309430079443 4.71749199825e-281 0.0 7.62753340591e-25 0.0629863738064 3.2028163792e-20 0.0962115823412 0.00684760736172 4.60661711287e-16 0.238280459206 1.11029603953e-43 0.0599012362796 1.74791964285e-33 9.63738750207e-179 0.0 2.64206552434e-110 4.01437184643e-278 0.418124679836 2.08791199057e-136 6.98375494359e-98 
0.175884613182 3.13618548254e-138 1.30399761262e-200 8.56200299486e-110 2.05904698322e-106 1.80058795798e-104 2.85906453559e-100 7.6999642037e-91 0.00045515750426 1.85528468697e-199 0.611351662343 1.35365208985e-240 6.92701150957e-148 3.65741907339e-99 0.00846420690312 0.066173259857 0.0172755094272 3.07453516842e-55 7.96087909436e-61 0.0241049400081 5.76614592337e-133 1.10999665515e-18 0.00148582252658 3.50243952344e-121 0.0 8.95990482155e-20 5.06387368803e-37 4.06646540514e-45 0.0948048282493 1.00606761076e-287 
0.000517658379328 3.49756369967e-27 5.1446712241e-52 0.275322394452 0.0395177100056 0.0 9.61742441505e-35 6.96916203324e-36 0.13346673867 0.437917376558 0.0 4.48133868381e-184 1.33169988949e-218 2.32236860698e-231 1.24962890241e-72 5.00192155994e-21 0.0080536232899 1.10622128856e-08 0.0 9.79814222789e-06 0.0356445829186 2.2803721446e-49 1.40293230204e-175 3.23070858858e-119 1.28328210786e-55 7.46594133977e-33 0.00764622383617 1.82515307522e-51 0.0619038826861 1.18079910608e-69 
0.0121270695822 3.12446192038e-52 1.65494810337e-40 8.65559902623e-23 7.63578427177e-15 0.0493891475894 1.86661979148e-115 0.0122178784234 0.000917889709968 0.0 0.100021848822 0.00331145998288 1.66651642071e-62 1.48556245662e-08 0.0717957127312 4.46368653557e-132 0.00151999175753 3.61067977901e-149 2.8061021566e-29 0.051642552033 0.0646337747973 0.0691795813182 1.57449288109e-21 0.563243078398 0.0 4.45499850613e-118 5.3649073626e-70 1.81323984603e-72 3.27824438671e-30 5.97629334469e-92 
1.67270994321e-62 0.00434232794788 5.41466687214e-08 1.58971533886e-21 8.55343960475e-29 0.0129272460019 0.01404519121 0.00553046701635 1.44091838907e-11 0.0461295052424 0.0 0.0292560758394 1.14197998297e-219 1.8248208666e-116 0.0300376723814 1.28999124002e-91 0.0181816717902 0.0326445141693 1.46389440827e-259 0.646534293038 6.56328298617e-07 0.0483145877772 0.0292099057937 3.93407606297e-150 5.82902786016e-67 0.059815833839 0.0177135479644 8.29427759883e-131 1.78396527646e-37 0.00531644949929 
2.47179099603e-227 6.41710320353e-289 0.353741245195 0.0 0.0 0.0677636609736 5.0755750045e-53 0.0 0.0713185546189 0.0 0.126024364545 4.71761565697e-55 0.0 4.7542268845e-109 8.81373839767e-08 0.0697930177647 0.050666941198 1.86925533202e-87 0.0362964474842 0.106435366517 0.0 0.109910624165 0.00804968940125 3.6274789567e-189 0.0 4.00657086583e-163 0.0 1.04978569613e-83 2.5916986794e-13 0.0 
0.0165264871788 2.10309179572e-33 1.14043261345e-12 5.48559232683e-27 4.70849140952e-57 0.0413471042693 2.16458359814e-75 4.47151978127e-82 0.0376748189186 5.37131399127e-27 0.0735089009172 2.41013650065e-253 3.29965552739e-171 1.97811255802e-40 0.018343026494 2.1183568103e-12 2.9481936214e-35 0.0557325374367 0.00173744295384 0.111895836188 0.0368478214972 0.0159003325195 0.0215659494131 3.43962430699e-86 0.0 9.5127008169e-11 0.308565099257 3.4787061862e-24 0.260354642859 9.80528502045e-160 
0.0 0.227938499929 1.09009236702e-40 0.0103909306054 1.11304396095e-38 0.0 2.16049757646e-101 2.80276038281e-05 0.0 0.188372676316 0.0 0.23160894324 0.169789376004 0.0 0.0 0.0 3.85020996193e-315 3.75672853852e-218 0.0 4.51153691905e-284 3.74893117784e-35 0.0 0.0 2.5104590273e-92 0.0 0.0 3.89148439966e-48 0.0 0.171871546302 7.67548372034e-78 
4.44120745405e-226 0.0449573083945 2.76190953708e-166 0.01418320128 1.80510724889e-69 0.141732207427 2.3365322444e-28 1.4116667637e-41 1.60686666455e-23 0.0399592778447 1.95729917685e-303 0.00614638233787 0.022741853352 1.60212607556e-18 0.00411808083087 1.08687342343e-27 4.66189796228e-185 0.0117819216729 0.0 2.42904829838e-136 0.0123521164673 0.653758775157 1.62935982486e-317 1.42451308841e-156 1.33465058013e-110 0.0482688622028 1.30323521558e-08 1.3645037968e-266 3.5931725069e-70 1.25845207096e-138 
1.92424846593e-207 3.12089004699e-59 0.0503024848655 0.280861031747 2.13752259342e-125 0.0 0.0342321048481 6.24524308543e-208 7.13891940489e-112 0.0523347700631 5.00244083644e-171 0.00601732010049 0.0 6.47008160927e-15 0.0619998383983 0.103412657486 3.6879224909e-281 0.065567564691 1.36107696329e-277 1.77327971138e-25 0.202161674588 0.0757635397345 0.0487765896924 1.20377734708e-274 1.89886276718e-245 0.0185704237851 1.96373583309e-15 8.36282457968e-197 1.68313187341e-57 2.83278266886e-68 
5.01969179395e-150 1.16850029616e-108 4.00513972342e-44 0.309995252667 1.24184330352e-81 0.0 9.68650861306e-106 1.55969055284e-25 9.19071743516e-72 2.02618668303e-44 0.0 1.00189689363e-29 4.55673985936e-10 2.58487674668e-98 0.0776225588539 0.0 0.0472737226725 0.0566862062289 0.0 0.000613215593781 0.234868089385 0.224342528803 0.0138971943363 2.05630600051e-218 0.00308833536343 3.03478879499e-23 0.0316128956402 2.05387988954e-277 5.47378299986e-116 1.83089992501e-32 
5.0252458888e-59 0.182330242063 6.89535319e-29 6.33820349556e-13 1.00125328087e-26 0.0 0.082202443442 0.0309756899886 9.82936168299e-162 0.140913511709 0.0 0.232168388328 0.176664247713 2.39165255646e-84 1.08083566389e-214 8.69973735433e-238 0.0 1.43348882141e-171 7.97300363624e-238 3.68588639803e-237 6.78348841737e-13 4.45362209246e-259 0.0 1.11448968212e-130 5.30597903254e-239 1.67851980979e-222 0.0458906663156 1.17963504276e-221 0.0988811025685 0.00997370787173 
1.32229352599e-15 4.46973619922e-57 3.78267178827e-16 0.215502455035 1.69259512204e-38 2.55995981818e-218 6.31991896197e-40 1.43252684745e-14 0.0143949796095 3.76868464213e-08 5.80675533277e-168 0.0263740760833 1.00664044708e-283 0.00485509810121 0.185860579295 0.000347077206995 0.125179551917 0.202810018836 8.68975437157e-59 0.101435537336 6.32106141971e-09 0.0360399082542 0.000977969474534 1.52352993071e-168 2.1653388604e-19 0.0671219243303 2.93251838119e-62 2.34260999314e-122 5.55429689572e-51 0.0191007805143 
4.90143502931e-44 0.0224780916756 4.21169521763e-47 0.228721099282 7.66511815947e-33 0.0 6.88139614131e-24 2.30940665202e-82 0.0 0.0533924234239 0.0 0.0358509956342 2.8607945866e-33 0.0160908112218 0.0379679504884 0.0 2.1218510146e-143 1.2070065266e-58 0.0 0.0565966403521 0.526704386957 0.01600143425 1.30546404202e-124 1.05791395859e-140 1.10185165941e-154 0.00619616671506 1.79099123582e-159 8.69325244429e-223 1.48047562658e-34 4.42476823754e-119 
6.29736380929e-10 0.0029343614964 2.89374220454e-70 3.27074166116e-59 5.35631076781e-85 4.88399092125e-84 5.55408331557e-70 2.34966059689e-197 0.140402795573 1.09870450155e-201 0.00577116545598 6.22592688277e-100 0.0 7.16975210317e-41 2.08416723948e-91 0.0147143484307 7.71045702697e-56 5.24045496994e-96 0.813473150062 1.06390534101e-62 0.0227041783527 1.57112899713e-49 1.53268794673e-128 5.27594764254e-240 5.75744530866e-233 5.64182087103e-138 3.16991545565e-222 2.28980218465e-14 8.58278757244e-118 1.73045453731e-76 
1.40022931051e-73 0.16993814258 0.00414194243959 9.53749675418e-05 4.35926284081e-46 1.1106735155e-201 6.77287816788e-45 0.00980460794994 0.0 0.272232914341 9.09080788348e-322 0.0895012270382 4.73153619351e-30 0.0367476989413 0.00744931917317 0.0 1.15324972761e-93 1.14909197952e-60 1.16850026293e-265 1.06759116244e-62 0.293805704876 1.33332639214e-74 1.32435634115e-47 1.4296732324e-98 9.25664521313e-154 2.42516096103e-170 0.0489486413778 7.72647577097e-265 0.0577780087282 0.00955641758624 
0.0 0.0206403711154 0.00494340165297 2.76316812535e-05 0.693343764982 0.0 6.50816095447e-26 0.0381250905113 0.0109205331151 0.0171368904135 0.0 0.0251666346391 0.0276204196875 0.162075258292 9.4352291659e-291 0.0 0.0 3.94507882823e-238 3.19390511424e-83 0.0 3.085521706e-61 1.42512739072e-280 0.0 4.97026857719e-127 4.00179446067e-222 0.0 4.05551617067e-112 4.774507609e-135 5.81244547637e-20 3.90925480345e-09 
0.0601810840232 8.99287715093e-52 3.90012464059e-293 0.00698527537852 7.74564178216e-81 1.31772213845e-205 2.29222617431e-62 1.86229395795e-265 0.00802400022858 7.07901173391e-241 0.020448285141 1.28274324991e-129 0.0 7.07783535741e-116 0.0628040414025 8.72049695358e-28 0.682869808929 0.035528344693 1.05361499569e-65 0.0837804285482 1.70269634798e-06 6.24912771075e-45 6.82512456037e-162 2.13900790148e-176 1.27720040583e-05 2.74389186951e-45 3.88519253801e-312 2.12001550184e-46 0.0393642569552 1.39459029163e-197 
9.12416561873e-283 0.114886476053 3.66620613149e-174 8.66947840053e-43 5.31606985699e-28 0.0 0.0803413108966 6.9560621053e-127 4.81881522631e-167 0.0336904990341 1.95711788845e-86 0.112025827581 0.0268074616958 0.0448782485675 0.0 2.2982533351e-123 1.09473148444e-194 3.86514049669e-27 0.0 5.04552811353e-164 0.0192081959899 0.56816198018 2.48409932532e-286 4.90754536694e-151 0.0 1.29158543007e-182 2.28259986237e-140 2.35601522603e-225 1.95812495765e-12 1.14217904618e-118 
6.82849410428e-136 0.0858241059414 0.0473499820131 1.19810458952e-10 1.69641546217e-65 0.00302715834645 6.71848267256e-48 1.22630503648e-07 2.86356755168e-83 9.14388068922e-23 0.0 0.0592625697378 0.13059156622 0.453123368579 6.50348874264e-286 1.44592882682e-22 2.42947542309e-272 1.81185896927e-08 3.17797895408e-235 1.14578379627e-57 1.29606668606e-05 4.13693493309e-230 4.34292200513e-218 1.53643682608e-147 1.45570784994e-50 1.11732876599e-108 0.205213650325 2.5462496794e-167 3.38268177661e-56 0.015594497302 
5.15118428195e-76 4.12520370744e-159 1.18340623742e-134 5.30150964096e-65 2.00474338351e-143 0.0132417616665 2.06865018593e-61 1.47826556017e-106 0.000921646528172 0.0127458935625 0.0583030455838 9.04523929722e-268 1.22724827802e-237 1.93209844895e-15 1.35496314444e-23 0.268594280694 6.04548689371e-53 4.00956556632e-71 0.100318490331 1.90720044106e-50 2.1531503719e-69 7.86084718024e-33 4.39540325045e-69 6.65940208834e-178 9.92487128078e-193 2.3915744967e-89 1.92618143982e-68 0.545874881634 2.78758365871e-119 7.58120727311e-259 
0.0216644523482 8.64887789123e-90 0.00420849969565 0.106118187876 5.88048510861e-130 0.0 1.1875942842e-54 0.014941473925 0.0369569696531 0.0211398605976 1.25318478751e-266 0.000232318747716 4.60993875237e-78 1.03648697907e-59 0.068327484661 0.0263768499722 3.39835253719e-31 0.129672526556 5.23309273633e-197 0.323450686923 1.6239706606e-36 0.171722733471 0.0270110916661 2.15064499463e-194 5.36708492496e-199 0.000322432515384 0.0260344043885 5.71628185803e-99 6.07197859191e-115 0.0218200270038 
0.0857042762201 9.50690145746e-98 3.46921736669e-71 7.30240541507e-33 6.15271541319e-84 1.12833714526e-45 0.0864370657016 3.27640764734e-186 4.52700332744e-11 3.89931195914e-32 1.8027162487e-16 1.25267814864e-14 0.0 1.90113362838e-59 0.0286148297027 0.0669204447403 0.220524759297 4.45831116616e-28 1.46386098633e-34 0.511798624293 1.3373762215e-69 3.159869061e-26 1.29236352479e-67 1.42407273482e-76 2.41059650381e-186 6.86312188155e-76 7.55332521746e-185 1.75850264887e-26 3.05027238446e-56 2.15364910003e-134 
1.77813418119e-91 1.69478867098e-20 0.999999999634 4.46549978012e-149 3.69453043948e-52 3.6551166731e-10 5.03726078304e-21 7.16614363845e-153 1.5116067209e-20 1.33436766317e-76 1.42635169429e-95 1.11003800272e-33 2.87452923296e-104 3.3563663427e-148 2.41894046497e-126 1.65076688463e-22 1.33639286589e-85 5.04653448697e-125 5.70371036068e-157 2.21110655141e-143 2.63341663919e-105 3.80527710114e-186 8.91526993376e-131 3.73852072289e-177 0.0 2.79838589764e-73 6.52770493416e-101 6.08662859831e-111 5.22784998924e-17 4.31034592111e-121 
# The emissions
0.0 2.84356475399e-26 0.0130302536115 0.0418796479091 0.0264132225449 9.80734797877e-66 2.1140731944e-20 0.00533813329276 1.16663817912e-149 5.70098083934e-83 0.0220279867596 1.22997377644e-16 0.0258790513383 3.10301188068e-14 7.03767623689e-262 0.0493341394843 0.0 2.29567088951e-59 2.29285911609e-37 0.0800097514911 5.13043787482e-211 0.6009072469 0.135180566668 0.0 0.0 8.72464849101e-45 
0.0263349870768 6.15809955617e-286 9.42146137337e-173 0.00308110245075 0.680086474121 5.31608941918e-142 0.0 3.92741983627e-240 2.21469829598e-33 6.60646864435e-209 0.0 7.86827183004e-229 1.04820697879e-109 7.53530024474e-166 2.83015770777e-57 2.33211689311e-231 0.0 1.70668745921e-221 8.80108861756e-199 2.43117598962e-190 0.286631865153 1.91604387508e-179 9.33880465349e-161 0.0 0.00386557119792 6.30937453664e-116 
0.994643091022 4.5887093241e-146 1.31519927172e-152 7.18995109779e-132 8.7492095143e-89 1.36299626304e-98 1.40154956018e-125 0.0 1.19117930053e-29 0.0 1.54646013373e-151 2.35244629867e-127 1.40041240601e-132 4.54372858763e-141 2.22453381246e-101 3.79448414879e-110 0.0 8.22222362833e-182 1.03347385038e-189 1.30139057854e-237 0.00249155156823 0.0 0.0 0.00286535741019 7.05155925529e-208 3.91146570532e-292 
0.0272089898011 2.71836585635e-283 0.0 3.76191510139e-104 0.857041116157 7.94268597866e-91 1.01147419359e-290 0.0 0.115749894041 6.14285143762e-310 1.66303417328e-202 0.0 4.95991773897e-221 7.46912803362e-244 9.59443443023e-82 3.06471069984e-183 0.0 0.0 9.64423603325e-83 1.63431733182e-66 1.29777122791e-62 0.0 1.68453289512e-217 0.0 1.28175077502e-238 3.32733430087e-193 
2.41392873151e-79 0.0 0.0 1.86545829304e-295 0.999998997599 9.3799854703e-291 0.0 0.0 1.90483630466e-46 0.0 0.0 1.00240074728e-06 4.77835805583e-297 0.0 2.50048839742e-112 0.0 0.0 0.0 1.79632221698e-278 6.73150591418e-276 3.2467438362e-32 0.0 0.0 0.0 1.95844856324e-199 7.22174178841e-235 
1.27760899685e-81 1.31335357688e-172 0.94101408583 6.49443935675e-97 2.20468554854e-161 1.56415892952e-132 0.0312436179357 0.0 6.89712467143e-120 3.46635403635e-214 1.52128542523e-174 3.474916637e-64 6.73149374924e-198 1.9134929557e-100 5.18684908253e-209 1.49450091414e-107 0.0 2.44469953314e-172 0.0277422962346 1.55665640947e-74 2.06615542947e-201 8.57581314295e-78 2.32255132867e-177 4.29664578053e-15 0.0 0.0 
0.0156149279277 0.0154879958828 5.01656026997e-181 1.61176650729e-252 0.30121322276 7.92874093234e-38 1.25582790126e-44 0.0 0.449169967786 0.0 3.3821860891e-72 0.0531663975465 1.10370375193e-138 4.84903902438e-59 2.64514096798e-269 3.90401890343e-141 0.0 0.00803887076451 6.21436659878e-112 2.11098567106e-38 0.157308596772 0.0 6.51791928004e-09 1.40429288156e-08 0.0 0.0 
0.000162965839989 4.5029009906e-300 0.00544071816941 2.02189495264e-246 0.123968764887 8.69055455689e-250 4.32261239437e-300 0.0 0.340937487327 0.0 1.64219943788e-125 3.29043030097e-247 3.00176213862e-274 1.09012247173e-26 0.503701019835 6.58064233891e-301 0.0 4.58184580872e-268 1.28116006136e-123 2.0240583358e-110 0.025789043942 4.70242967588e-291 8.50922776196e-306 0.0 3.08351574397e-300 6.65288682354e-182 
8.10776356254e-99 1.17315895749e-52 3.90503378947e-202 1.27856848961e-45 4.45588135599e-107 2.11125317886e-26 1.10013936867e-42 0.0 7.35059929981e-136 1.25522567062e-174 6.47253049683e-97 0.969412970064 3.43158601869e-21 2.68140054316e-20 6.10480570908e-236 4.60440124268e-82 0.0 3.69284928666e-20 3.68317007687e-65 3.14394025879e-18 3.78499286796e-174 8.44629359784e-11 1.99893498219e-186 5.52172029489e-158 0.0 0.0305870298512 
1.09645696944e-114 0.0 0.0 0.00449430828696 2.25374509952e-23 2.42146844458e-85 7.23126532061e-274 4.50793847542e-245 0.992150777387 1.15327523854e-126 4.60556625731e-291 1.0645104377e-246 2.28894232069e-118 1.55455544464e-167 1.29873071065e-79 2.36591434967e-296 0.0 1.06424052014e-216 1.55836617975e-136 6.85577565401e-165 4.98463222249e-69 9.86011996311e-149 1.49155324585e-209 0.0 0.00335491432649 4.6008585448e-102 
2.30811977234e-89 2.37073915885e-164 2.52762306863e-165 1.51736075581e-67 2.28091577552e-121 1.74325174733e-50 2.91173148381e-25 0.0 6.79022098772e-139 1.34038818896e-293 3.41961500738e-85 0.0178906133411 2.18565707288e-95 0.977914664441 0.00225316227489 8.56093362307e-69 0.0 5.63029746491e-28 5.13605278416e-68 2.3063183432e-48 1.60906215097e-10 2.31468763352e-234 3.56531010998e-317 0.00194155978208 0.0 0.0 
0.993162959714 1.76681305835e-166 0.0 4.28433402621e-134 3.91875533271e-16 0.0 0.0 0.0 1.41262431067e-17 1.09438751981e-317 0.0 8.88430980917e-281 1.1964913349e-222 0.0 0.00642010012269 0.0 0.0 1.57323255852e-226 4.8025374095e-201 1.00466028417e-206 0.000416940163325 4.71480242732e-93 3.83139254252e-81 0.0 4.48131731043e-221 1.71694343341e-132 
3.65583609085e-62 0.0 8.43633391287e-147 1.18267280771e-92 2.04840487479e-42 0.0 0.0 1.89229112764e-125 1.26023272639e-37 0.0 0.0 1.2014194929e-147 1.3644795873e-86 2.65761608967e-272 0.995423848034 2.65011129229e-284 0.0 3.81636959865e-172 1.63553013209e-280 7.79617434775e-269 4.99826606402e-102 2.49318809139e-150 1.7816073875e-264 0.0 2.65244744958e-211 0.00457615196558 
1.35162044726e-186 1.83353884256e-122 6.49239200039e-51 6.82545093914e-08 6.71695265022e-90 8.28514948095e-150 1.53915464451e-155 0.0193528615696 2.31933223246e-34 1.20386620675e-131 1.75662134003e-155 0.224831913361 0.00791970045554 2.68204035098e-96 7.3769437238e-132 1.95393471084e-107 0.0 0.661519783608 1.76202872049e-144 5.69234437054e-98 4.30913494197e-147 1.12281497464e-143 0.0863756727515 0.0 0.0 8.82835876298e-63 
0.023482374347 1.34599130037e-147 7.551978075e-60 7.67091006919e-98 1.24592482834e-15 7.61414351728e-99 2.72307002978e-53 9.39082200737e-314 7.05253461331e-19 1.56413959115e-290 3.99209068223e-61 1.23202684016e-70 8.13929412326e-81 1.54888718555e-82 5.98486314592e-187 3.41992380584e-61 0.0 1.05709538517e-154 0.976517567306 1.97514422298e-15 1.68153253244e-36 2.5204345427e-258 5.62298290163e-185 5.83470746454e-08 1.85408360308e-275 3.03485774661e-260 
5.97237838674e-122 0.0458403337133 5.51992255109e-109 4.1704471412e-72 2.28603339282e-112 2.82072725432e-50 3.62476410756e-15 0.0 4.09508576172e-14 3.83550751294e-115 6.0474055888e-89 4.0907561228e-50 0.565182533961 1.21024552267e-20 6.9278575329e-145 0.388977132326 0.0 1.84421665274e-36 3.08878699058e-35 6.54690739347e-20 3.47902382846e-134 7.18805171316e-87 1.1903231112e-116 4.19282004317e-90 0.0 5.32384144482e-59 
2.389264054e-110 3.40456831372e-74 8.64602985023e-115 0.0328884131853 7.2801980234e-87 0.0961807717167 0.021600171966 0.0 0.000227036449019 4.94065645841e-324 0.703311552806 7.66112055363e-23 2.30829061469e-69 0.0704524060722 0.0 0.00992368289213 0.0 1.17515568525e-51 1.63562636085e-16 0.0311604743496 5.70677485212e-25 5.02489657255e-59 4.98974738149e-41 4.86080292407e-205 0.0 0.0342554905628 
6.70778508534e-191 0.0724246400192 0.00828493853849 0.122510934362 4.0871873501e-81 0.0274541527372 3.9417995894e-12 0.109370499603 1.75470773882e-74 0.0301981080089 0.0509607110058 0.0862027188597 0.160958156555 0.0868639165756 2.06318737249e-203 3.78815917456e-51 0.0 7.58989022019e-33 4.19432820534e-05 0.0458436150291 3.30240800403e-169 1.7406458141e-08 0.0873836127459 0.0 0.0 0.111502035267 
1.29068392225e-136 1.140931669e-226 1.47037952269e-225 5.51476475105e-228 1.11103641277e-108 1.6031032348e-76 9.81269716919e-104 0.0 6.05343450202e-143 0.0 4.70945533459e-85 0.0565316041307 1.44755931674e-35 0.393366564388 0.0 7.17028691199e-185 0.0 0.546915101431 2.86410491148e-106 0.00318673005057 4.76484748957e-105 1.73447897159e-82 4.03976735142e-261 4.51954898578e-145 0.0 6.44766863302e-161 
1.51931771194e-239 2.18792887158e-10 3.0922716975e-37 0.448530689768 7.85726861287e-62 0.00149196253952 0.314075779746 0.0 0.00351812709103 1.25149181592e-93 1.96606586147e-16 5.38488411117e-47 7.33679602187e-15 0.0324256967813 7.39765986176e-172 1.0198558124e-58 0.0 1.1990999699e-69 0.00915809720574 0.153055285413 4.25921215431e-130 1.58941277543e-62 0.0311984011436 1.72953235334e-285 0.0 0.00654596009273 
3.37769470664e-23 0.0 0.0 3.5736272583e-122 1.0 0.0 0.0 0.0 3.46447837926e-102 0.0 0.0 0.0 0.0 4.97170103595e-285 3.09041919426e-60 0.0 0.0 0.0 3.43276136763e-97 9.47073080441e-82 7.85625235617e-64 0.0 0.0 0.0 0.0 0.0 
2.03507623944e-236 3.308769523e-60 1.53041743574e-82 1.96335752239e-60 7.18011989669e-38 0.00928125417389 2.24112836953e-93 2.72718112797e-147 5.13420953473e-84 0.00465348136413 2.54009566693e-70 0.035673011533 2.18617566013e-87 0.0200601245399 3.58958905285e-125 0.029886845091 0.0 3.27630705596e-96 0.0639893588225 0.833674804786 6.95341716476e-208 2.19129479666e-116 3.97305309389e-63 1.74230692813e-256 1.55191265161e-121 0.0027811196891 
1.30813075494e-268 0.418905243067 9.20453933449e-110 0.0269677143127 3.99956743244e-79 0.0055732834938 0.514466366918 2.82775984942e-23 1.7212754573e-18 2.30513877845e-87 3.28055720095e-88 1.15218595059e-28 4.33725839203e-58 5.2933561136e-28 8.53323102786e-286 3.7819547003e-64 0.0 0.0148383851196 1.62896047418e-60 0.0192490053187 1.83998015212e-115 1.86653464378e-45 5.91121067442e-61 0.0 0.0 1.7700530561e-09 
8.90194623267e-42 0.0 0.0 2.83784856278e-27 0.361476733522 0.0 0.061702102092 0.0 0.0 0.52068772013 0.0195471274654 2.06472798262e-91 0.0 0.0283442006572 0.00824211613289 2.31362923408e-73 0.0 0.0 1.91732572584e-49 9.06324948913e-84 0.0 0.0 0.0 0.0 0.0 0.0 
0.017975630157 0.0 0.00831108122274 0.0 8.36856778194e-218 0.0 0.0 0.862427044991 0.11128624363 0.0 0.0 4.21796679689e-85 0.0 0.0 1.46224182097e-134 0.0 0.0 2.44755343722e-76 0.0 1.60110909311e-78 0.0 0.0 0.0 0.0 0.0 0.0 
1.23068727712e-202 8.27386800217e-22 0.0484030971326 0.0672503970159 2.36745516878e-35 0.0273373266911 2.69660879532e-15 6.00090825061e-14 1.23983035823e-170 3.13986085263e-12 0.188000172773 2.70334644097e-87 7.98334051553e-71 0.00751839546166 9.03325894429e-132 0.222262171105 0.0 4.40976268597e-99 0.0674837963616 0.136981361366 7.66863874653e-15 0.226978900383 1.09111012724e-65 0.0 0.0 0.00778438170697 
2.06592206819e-06 1.06748472637e-193 4.81109240817e-39 4.73926885149e-109 0.115872039915 3.52698559948e-224 2.61270343685e-281 0.0 1.76073932836e-83 0.0 1.59670881693e-219 2.40160722616e-122 1.1994915248e-59 7.84842234488e-256 0.880769726331 2.22735599456e-282 0.0 6.41054326113e-37 1.07016956415e-160 1.22465482401e-273 8.02173725334e-50 3.28873364071e-272 1.1964318383e-317 0.0 0.00335616783167 0.0 
1.85743483479e-230 0.00871785084232 2.99210990513e-163 0.0294905624351 3.50541971581e-201 0.0591853230247 0.045363141241 0.0 0.0076783644946 0.0 1.89411460764e-25 0.21591909943 0.0373677828676 0.00106864934626 1.60202266766e-263 1.98910322391e-36 0.0 0.493995522239 2.73486084242e-39 0.0890546745296 0.0121590295502 2.21582603181e-200 2.34876354705e-293 8.67912010434e-91 0.0 6.31010348535e-155 
1.33223996754e-62 5.90373048854e-201 0.0 2.22887515534e-119 0.736794892386 1.79083295862e-51 6.26027300193e-280 0.0 1.46863230204e-73 0.0 3.19802176812e-126 2.67144893776e-12 1.37328036533e-173 5.87384190903e-158 0.065148220393 2.08118069586e-175 0.0 1.2830776405e-105 7.02896706062e-116 3.46588938201e-202 0.198056887218 7.043239492e-246 3.92013935282e-281 0.0 9.91487482645e-167 1.90867261984e-166 
0.208556439503 0.0384004424542 4.41826387537e-112 9.3211758004e-50 3.55912046708e-73 3.07259664203e-181 1.13843233448e-71 0.135762979504 1.09476499271e-60 0.0259213872476 4.38594302235e-134 0.211062487872 6.76542870944e-29 2.22651978331e-145 3.54297813437e-140 2.28293460166e-07 0.0 2.09645468368e-121 5.98135223365e-144 1.1164069388e-150 0.0190481872618 0.224873151321 0.136374696543 0.0 0.0 3.12470061401e-170 