# The number of letters 
26
# The number of states 
30
# The initial transitions 
3.80262674158e-38
8.47355893312e-18
2.46424717227e-28
3.00937924272e-98
0.000128084706919
0.10639283811
0.020998398709
0.000404223734047
4.01958279443e-05
2.02935535755e-06
9.7941515814e-142
0.00287759043279
2.5185292329e-09
0.0212913240647
1.70460663614e-171
1.85254265816e-54
0.0424964158884
0.118569451574
0.00598341205302
0.179547114992
0.0179273022857
3.87937395537e-32
1.79264972874e-10
0.000174436782376
0.1033512346
0.0489311496635
4.93344459211e-191
0.0023359088072
0.0303068927299
0.298241992985
# The internal transitions
1.07020518503e-64 0.253218856995 1.26299640753e-104 1.30987727986e-46 0.184203747853 7.03065853824e-32 3.00013245417e-78 1.08538295498e-37 0.00572986947131 7.12463564498e-28 1.6747363808e-162 3.67870953323e-77 1.76857781643e-14 1.63320964614e-14 1.25179060605e-206 3.2860813005e-18 2.90053018766e-138 0.0392614349016 4.21822840113e-52 9.74666594052e-111 0.00222207909596 8.77250222587e-84 2.59519655976e-05 9.43258812497e-115 2.68172746823e-70 0.468398065576 3.60838139552e-95 3.40839576752e-62 1.56950946824e-61 0.0469399941413 
4.99139581196e-101 1.0865388174e-37 0.000260521368148 0.00240477449927 0.134728574791 1.23082202054e-31 2.07708885469e-06 3.56128744371e-37 2.83198983379e-59 0.117199638434 7.93915002267e-227 3.30923025038e-77 1.76448780356e-11 0.552982813725 7.9898753462e-162 3.09234971321e-90 0.00427916501167 3.72979232174e-22 0.0159315329294 0.0320989073133 0.0176493551906 1.78733097918e-58 1.37678060506e-55 2.54150798726e-21 4.02710790874e-28 3.37810095387e-59 1.03192996437e-213 1.68279244681e-188 0.0512918565744 0.0711707830562 
2.79966224851e-73 0.0769439670829 1.80699222696e-62 7.55689096168e-119 0.0831834763743 0.00164205131012 0.00493422815792 7.12485062365e-78 0.000104830215539 0.0616759584857 1.20687018581e-204 0.0134292450764 1.41555029212e-15 0.587790124021 1.56728496088e-129 5.48360991756e-247 2.90671766038e-102 2.77108932711e-70 0.00640441944154 3.57875704522e-126 0.150403937564 6.74964166049e-31 1.54437728168e-13 1.94718793932e-106 1.26031345099e-14 2.90264700678e-103 1.23352006464e-253 2.33588023433e-68 1.55368104209e-101 0.0134877622706 
4.30108662757e-21 0.374405767573 5.37310252937e-32 0.161317785705 2.34176691221e-100 0.00983845444667 1.8527441044e-12 2.78820668358e-102 7.03699502916e-69 0.0134063991394 8.43211081432e-88 1.84573721821e-115 3.08559710817e-44 0.32193265548 5.57780105121e-69 9.34572732213e-80 1.23158515998e-55 0.119091263017 1.42444776003e-53 8.11895947909e-86 2.00871416061e-23 8.97457510811e-44 6.96679233925e-13 7.24164585633e-44 7.6746354843e-06 4.25154966635e-104 5.65038066068e-147 1.31346335866e-153 5.47789690825e-28 6.77487960057e-49 
4.22460392851e-27 2.42750046984e-41 1.09759716693e-75 1.35986624643e-29 2.95936413842e-165 8.65286629609e-73 0.273526648517 0.239474493655 0.0 0.155816267781 3.14197857125e-120 1.51482587421e-164 9.08463996284e-25 0.239185702107 1.4630515492e-62 7.90244455727e-111 1.35305511241e-110 0.000201088227538 4.58888617402e-37 0.091795799712 1.71378461308e-52 9.32118485805e-153 2.73657564055e-56 1.27118653608e-124 6.3433158986e-31 9.53200434591e-133 2.91474944863e-29 8.57213514164e-63 1.35176028123e-67 5.13435417125e-79 
0.00522815394123 4.24649167054e-12 0.0454574589875 8.62412633706e-13 1.7442397073e-21 1.58576479353e-40 2.68642591561e-99 1.08385129e-13 1.47244460804e-26 1.53786461924e-11 0.182605663509 1.72448786784e-19 1.32481390471e-65 8.80522989966e-64 0.339317586531 4.48901735414e-42 2.22864991801e-46 2.11886940078e-55 7.28152508507e-77 1.99706922702e-27 1.70634958025e-95 1.17881017728e-10 1.50335199703e-19 2.61028608028e-05 6.33000952923e-22 1.87720391833e-26 0.427365034021 1.00496165233e-11 6.15155100477e-25 9.07564768197e-26 
0.0390026914563 0.0263000413627 3.1168525753e-10 0.0490706725719 1.84167684248e-177 4.54522931124e-43 1.99417669648e-73 0.0317624801436 1.36014961863e-77 8.95364601795e-70 0.121845010726 2.73749039217e-142 5.08250397593e-175 5.16892617401e-231 0.343145451534 1.44438128161e-62 0.0283001308974 0.0208212065439 2.09162609922e-186 0.0179122110987 0.0 6.2749941086e-105 8.28628714897e-37 0.0460095418853 6.58121075109e-06 2.41954724539e-16 0.197722750802 0.0496467812571 2.05102096352e-54 0.0284544481985 
6.89230652029e-33 0.0772286238033 0.00183910230468 2.08064896299e-67 0.031768031565 1.06802075746e-11 0.00149158981983 4.86329998071e-103 0.00608374537578 0.00324545947607 1.6764151697e-214 9.7761885501e-11 0.00526959212581 0.768079671056 1.18598137981e-110 1.31433308202e-77 2.3418493915e-171 2.0911107685e-29 0.0133267231479 1.93740258675e-111 4.64860009487e-32 0.00440892618563 0.0236327269814 3.11761661102e-49 0.0204926176418 3.39319549798e-103 5.32307907459e-184 1.02425142167e-148 0.0431331904079 1.18085583308e-29 
1.79860152526e-49 3.34805217363e-47 0.0199389010271 0.220779712324 0.0 3.72929740043e-15 1.04261657615e-37 0.0864004770139 0.0 1.85112249046e-12 8.1490619579e-11 0.0 1.49819212378e-60 1.70110249562e-28 6.37735881962e-32 0.0138971896043 0.0146179055329 0.132802229283 0.0219418998829 0.0143690626714 2.8669760871e-166 1.54708955937e-191 5.05332395845e-42 8.36408950321e-08 0.280372213754 1.30638284594e-176 0.123771729497 0.0394346549012 2.23048771579e-37 0.0316739407837 
2.19372162292e-70 1.04691521089e-35 2.78237592532e-17 1.03923813628e-130 1.85518867341e-141 1.0870618831e-59 3.64419960854e-60 1.71728946517e-71 4.2371618063e-150 3.12807844007e-138 1.96913094829e-200 2.1275254581e-65 1.41999117417e-76 7.3109951375e-89 1.99549311765e-227 1.73020248568e-78 0.0206637971727 2.93985258943e-97 0.118574828421 0.0185554778978 1.22263637653e-138 4.5857014272e-136 0.321290062125 1.13163508334e-122 1.58906191563e-37 5.44199815287e-160 5.54485879485e-248 0.491423262232 0.0294925721519 2.98952032481e-54 
5.67828743276e-32 5.44809695304e-20 1.33150842559e-13 3.58832629996e-32 8.32234912146e-165 0.00763621744942 1.67401203111e-30 1.14545545402e-49 1.0466095426e-253 0.0114038447482 2.94649210737e-97 5.77619897819e-70 0.060542836974 5.00095435551e-14 8.82028855807e-35 0.0 0.0159623113896 6.68726506713e-18 5.68208997907e-12 2.26268727591e-18 5.52702241238e-61 0.0573089076959 1.96882834044e-13 0.847145881737 4.134817783e-23 1.92460448104e-111 4.6503248358e-65 2.43663440778e-231 8.42487043086e-33 1.17804845533e-51 
0.180016969518 2.0641975022e-41 4.00242371631e-05 0.0156182646007 1.57378697756e-145 1.03725240904e-58 2.78693293172e-47 7.17344967129e-48 8.55476257643e-277 1.09804753694e-07 1.12266841202e-49 3.4721129867e-146 0.342651139625 5.8849975238e-08 2.16459188383e-11 1.96350178022e-77 1.96750826861e-112 0.0360537322813 3.45492745445e-130 1.80495474673e-36 6.28482380204e-72 6.36535816169e-137 0.0181147666208 2.29389580359e-93 0.0245321410269 1.99690748804e-238 0.0451539569366 0.337818836322 1.54615975048e-10 1.14608713442e-50 
0.0011178004999 4.56321948654e-05 0.103120308589 1.35661915198e-17 3.56861263407e-50 4.88641025175e-82 5.25478812882e-232 0.124619506654 3.0768377984e-128 0.00849655507308 0.000232336224015 2.82070120173e-81 7.04707811321e-107 1.16337275207e-90 0.333127237604 0.0459226693093 3.29130104868e-44 0.106938534685 5.22397381479e-64 1.96044130176e-07 7.91955659493e-104 8.69748645708e-56 6.54839608374e-10 6.62758888778e-06 0.0588374175957 0.00690246748895 1.83847412352e-22 9.67411942182e-67 0.0797033420968 0.130929367697 
0.00939420761234 0.00493646382419 4.10572706248e-36 1.36567926235e-17 1.7750727665e-47 1.73637038153e-47 6.92754184072e-173 1.41274305982e-48 8.79878117882e-138 0.00031338753478 0.00767424262325 4.46603869745e-72 5.25965718921e-10 3.00349504961e-07 0.145837486823 4.7094259695e-67 5.84586247307e-119 3.27824147866e-18 3.66413547932e-122 4.33959588442e-67 0.000725616058449 4.80033410901e-31 9.58410502766e-16 0.16300326564 0.0102005601333 5.57712969746e-171 0.657914468835 1.13224524145e-110 3.99813500494e-11 7.3774077547e-39 
1.88235890277e-32 0.10936026533 0.378344737364 0.00906283265015 0.000223237864745 3.92940701727e-11 1.98154845536e-07 0.06343882535 1.16704410576e-30 0.00174925427097 1.08002493233e-57 2.83201612584e-19 0.00502091804649 1.46594321511e-21 9.48886243667e-71 1.06015129047e-37 1.60846916874e-115 0.0919864031268 0.0147670401591 0.00484119657011 9.11740406334e-44 0.0382958786731 1.39004421543e-11 1.34504192992e-30 0.0698265841156 0.0138218870361 1.0858438148e-47 0.0193940612228 0.0362519063761 0.143614773635 
1.75062823796e-29 0.260295545224 0.00114031090351 1.7625468172e-115 2.68221654518e-236 1.21056089485e-35 1.81690500172e-28 9.04548480678e-22 8.81761534142e-54 4.70515304049e-31 7.91713137137e-203 0.026858430032 1.26197010815e-15 0.361258974154 4.1716747552e-137 5.99343245385e-218 4.66136909555e-134 0.0162452040355 0.0960450885349 2.50810904435e-28 0.0883388333272 5.28896999262e-67 0.0352878423987 6.34078232923e-75 0.0167551553904 1.94681040197e-72 3.07996189698e-212 6.20296419928e-297 0.0390782155896 0.0586964004105 
6.06056731412e-161 5.89995670609e-76 1.34757048154e-91 0.0543324109648 5.13918554897e-34 0.0866443588326 0.200299124613 7.85786751739e-82 0.0654468172193 7.33721592591e-197 1.17778476607e-47 0.103108826183 0.00025139870429 4.51820916061e-07 1.18389814456e-123 6.25011085557e-233 0.0899654001227 1.06091175247e-60 4.97256086829e-30 5.42007702362e-91 1.84129071432e-46 1.70698065968e-72 8.83518403198e-142 2.01380826571e-18 3.24072126697e-174 1.53652400726e-110 4.10711521191e-209 1.9283432606e-206 0.399951211539 5.13871554025e-80 
1.76763445195e-81 1.03711361332e-68 3.72261801501e-72 1.19250738891e-47 0.00438731692128 0.292699628287 0.232499601689 3.79458679378e-104 4.49283505832e-22 3.42107750144e-65 6.3113100862e-84 8.23735678616e-21 6.6192426166e-24 2.16849302449e-18 2.00715990585e-161 0.0143173539388 4.64323487486e-06 2.44881759226e-24 0.0551268792363 9.90692137511e-57 0.0042295788839 0.017542065708 3.91661444399e-65 1.06629901653e-20 2.42190136894e-73 4.44820838656e-31 8.96046500096e-210 9.2154081838e-289 0.3791929321 8.65441157449e-41 
0.116687873081 0.0496989405584 6.975233743e-08 0.17224767202 4.47513956904e-57 2.696202968e-70 4.18452321275e-169 0.221319096075 0.109306642658 5.24650689856e-52 0.0194424573226 2.16685302158e-58 0.00937601445292 5.52877535377e-59 1.68108773657e-14 8.68760420344e-46 0.00684692886341 3.4020457431e-80 3.92589350362e-71 2.29618152097e-27 2.09417591133e-152 4.92985589787e-11 1.09425514511e-41 0.0499414947382 1.1447350672e-48 0.00825176233566 0.132215170962 0.104665877131 3.96563326555e-47 3.33403399161e-31 
1.42238446021e-235 1.36272532964e-234 5.43306806955e-131 1.5564880187e-84 1.15975651082e-27 1.07394336167e-06 0.165677113776 6.77911433081e-269 8.68298029247e-38 2.1367847306e-174 5.16499894605e-100 0.0479247202911 0.786397091989 1.51526916998e-19 5.19996455939e-215 1.3269611731e-272 6.9399815706e-115 4.07393794564e-237 3.5011082147e-21 6.24578376107e-262 9.45262815445e-40 1.41361746028e-42 4.44878108452e-223 6.871943958e-13 2.12258570018e-213 4.73628400501e-88 0.0 1.62134269605e-262 1.47670882673e-31 1.44384895013e-110 
0.0690532558073 0.0243861000771 3.44744401415e-05 0.000466519036865 4.9506699462e-34 0.000305435548228 3.15271005797e-72 0.0369056076483 9.73533011205e-46 2.26746275112e-52 0.0139760971279 5.87198831018e-22 2.76505670571e-11 0.00465863490474 0.0170081532594 4.59585954084e-34 0.00764907380523 1.31106394952e-26 4.62099058085e-57 1.39218858657e-52 2.45782050797e-09 0.756797637818 5.78575083365e-28 0.0292794866485 8.41402493767e-42 5.5650486177e-79 0.000348315558242 0.0391312058345 2.2670190862e-24 5.66328573185e-36 
4.97596657862e-27 0.509103675869 0.141830733491 4.63679840688e-18 0.0 6.97255289772e-81 1.06415248331e-117 0.0593503332374 4.14069526868e-138 3.54717514887e-18 8.44626257925e-47 7.19504440392e-317 8.72746257542e-74 0.0287155621071 2.34110544149e-21 0.00227904118802 1.95251654178e-157 4.41976888996e-63 6.65580991207e-108 6.59600720345e-74 2.56656806064e-118 6.03599622736e-123 1.08612527191e-25 5.41711391634e-09 0.0578654151681 3.03883587009e-42 0.0687188819523 0.0786663235175 2.17089070803e-10 0.0534700278355 
6.81366624789e-229 2.07305743246e-141 8.24898837188e-125 1.41247977286e-172 1.41637723672e-98 0.320421235661 2.16956075748e-33 7.16088465676e-204 0.0758174466868 6.46218911945e-189 2.05915609591e-232 5.38789678171e-47 0.29458044157 0.00994499473323 8.85153317446e-283 1.22639976566e-294 1.21541685267e-277 4.22505915661e-146 0.193530457564 1.9568062379e-141 0.0274123040889 0.023090395338 3.59689401165e-136 2.98074001756e-72 2.46564485438e-207 1.116046232e-174 0.0 1.21992123422e-138 0.0549821446116 0.000220579745646 
0.000116411378232 0.0439430158261 3.30072865937e-64 1.10864187653e-54 9.03530852139e-53 0.0470625276118 0.0309812694339 3.34461289971e-66 1.02017859284e-49 0.0153272165383 1.59742058365e-116 1.07069369495e-73 2.6188556164e-10 0.807592022 1.65483888317e-152 0.0318505954593 1.10444379324e-116 1.09559621906e-58 2.02891349432e-15 7.47988862729e-56 1.36125873023e-35 2.32844222285e-33 8.40586260784e-14 3.37408365579e-47 2.52146919597e-45 2.26192560122e-64 7.53857645417e-62 1.61855326247e-101 0.0231269414887 1.47147415696e-12 
5.94287921374e-124 1.13945183557e-37 3.18592570493e-54 1.16978048608e-119 2.09717702303e-41 7.41319992489e-05 0.152937777995 1.24911123983e-78 1.44953667956e-50 6.32126744252e-42 4.613115723e-273 0.151466620575 0.0168929337295 2.22887113042e-18 2.88235224439e-215 4.71329050268e-151 0.0746034853134 1.33447995773e-43 0.025510344575 4.76370840402e-49 0.11214544667 9.38989063437e-68 0.337780999416 4.02581416307e-173 0.0122539581124 1.20458353453e-28 0.0 0.11633430161 1.89486802265e-78 4.84972247638e-12 
1.86494878747e-42 0.0771688788899 0.0728608189936 2.32204904989e-36 1.06376522714e-34 3.2213613363e-37 7.63164065523e-65 1.49282287824e-23 0.628725806155 9.83197719809e-289 2.04882817626e-113 6.71957947039e-26 4.16702942238e-73 0.0803128731649 3.46624572962e-35 2.17949537721e-173 3.36275567117e-46 3.11558752188e-100 1.17646734217e-114 1.52122759138e-44 0.0248577494876 1.74713930098e-89 1.85796063128e-08 5.27051286732e-40 0.0 1.42884080826e-251 1.99205367266e-89 2.61776257136e-65 5.51277905278e-147 0.116073854729 
1.95122256722e-43 0.140548125879 2.64059382874e-33 0.0197966877302 0.0199146813602 0.00408874865008 1.60431320339e-54 0.609176033027 7.85047660358e-32 0.0437837339989 9.81507038196e-139 1.11074721938e-40 8.19164393644e-45 1.09733499263e-07 3.45546089259e-138 1.84496993719e-09 7.47691375466e-79 0.0365885945708 0.0133508310374 0.0114265754604 4.22410129061e-82 0.00417798207174 2.73696569563e-10 2.80721711856e-55 0.0332007992918 0.00388455928774 9.92542980899e-26 0.00994612911129 5.44276040709e-26 0.0501164066713 
2.23841391701e-255 7.92058554662e-242 2.9439683332e-110 5.75898062466e-141 3.88954829595e-274 4.77889512685e-255 1.81442843351e-214 9.06453904084e-84 8.59960537793e-285 1.20477478017e-298 6.66763471121e-100 2.29686373027e-294 5.17214708779e-195 1.35303400657e-195 1.65702011528e-230 1.0 3.47453634178e-147 1.10616669856e-90 1.19326137403e-303 1.20660340998e-199 5.59527891189e-196 9.20177703408e-297 5.96087515935e-173 1.11786434551e-220 1.54916594597e-126 0.0 5.93479672615e-275 0.0 7.43138852433e-173 4.88594923778e-115 
2.40695818087e-176 3.99414074116e-158 7.03815013492e-165 6.12352558195e-144 1.3402265217e-65 0.0357881252553 0.090353206602 3.63107201078e-146 0.0833030289356 1.77711736633e-141 1.11733557944e-209 0.244140832911 3.72610036345e-20 0.011068739643 5.65121656812e-211 1.87223307161e-207 6.31162407444e-211 1.38789253102e-141 0.269398318345 1.10336438861e-132 0.265947748307 2.75220769962e-16 1.34378620185e-163 3.1445770424e-186 1.66497484845e-144 2.0897571441e-61 4.33254318326e-167 7.88082668289e-192 5.61825605475e-158 8.32879071556e-131 
5.7097027228e-157 1.85539575987e-144 1.63962899228e-148 1.37895170385e-94 0.0273003318381 0.378669898077 0.130716035795 1.09811342004e-197 6.00334123661e-12 3.68742498417e-149 4.38599792734e-86 0.115982081437 5.18374911936e-06 0.00435520230031 3.83438059338e-80 6.45715163601e-100 8.50328416562e-129 1.85224042747e-194 0.121137128199 5.54908023476e-151 0.2218341386 2.57745483572e-16 1.27689606207e-145 4.15403363275e-83 2.25732759969e-183 1.72980876136e-65 4.95724867852e-76 1.40149079298e-244 5.08987563771e-71 1.08018886497e-83 
# The emissions
1.51354033338e-103 2.86958770974e-47 9.68657453689e-284 4.39512809505e-63 7.15649807425e-50 4.67920692585e-76 5.62349663853e-21 3.50487297953e-149 1.59020723046e-87 0.0 1.0502352843e-20 3.21077369551e-38 1.61855924453e-41 0.298444681904 9.92052492479e-207 3.90905477627e-88 0.0 8.97439669801e-08 6.27774337681e-27 0.679866149633 6.24784172271e-91 0.0101247221276 3.0725656241e-193 0.0115643565918 3.04943988886e-307 1.07181184036e-15 
3.51238971134e-78 1.29549902767e-40 1.59942898359e-94 1.22040457199e-18 2.73496318907e-75 0.00105280428054 2.69412986719e-27 2.10575802767e-43 8.59652457966e-70 0.0 7.1392159766e-49 3.80755272765e-14 6.08154730109e-45 0.193398353715 7.88299515247e-132 0.00305745516611 0.0 4.4239384631e-73 1.79537629384e-13 0.787433759468 6.93671285226e-87 2.30408644104e-198 2.14847638616e-36 4.58554093482e-135 5.40732664918e-124 0.0150576273697 
4.7724272985e-93 0.160496143972 1.69582896612e-289 0.0421847929024 3.03013270702e-100 0.0103166141737 2.84756988425e-15 1.16014320997e-06 1.60630117203e-64 1.80413985474e-168 9.80000291903e-07 0.402425849617 2.65076433749e-28 0.00633984095971 1.31772776269e-177 1.88921468137e-57 0.0 1.11340282356e-27 0.188339876558 0.189894586633 9.84998155307e-89 1.64612675964e-143 2.33443887709e-19 0.0 3.65947850415e-243 1.55040830717e-07 
0.0336457752798 0.0454844054359 4.77818443965e-193 1.95753128143e-28 2.18968768641e-69 0.538626234853 0.0011529116011 3.49049014665e-57 3.77124479995e-52 0.0 0.120143994085 7.34322513721e-22 0.0584189117895 2.71341270791e-21 2.17871435344e-211 0.0254243890405 0.0 1.76305213162e-36 6.87952936295e-26 0.0707433855601 0.0974695629054 8.57487030303e-183 7.6889490703e-234 9.04164744071e-165 0.00889042944945 1.27025748419e-49 
2.65174703381e-46 1.14560131145e-175 2.68832542334e-99 1.56126021514e-124 3.40780965885e-41 2.24126773913e-27 5.54274716339e-47 2.21058294772e-109 0.999999498157 1.40173913588e-258 1.1539986627e-103 2.01577365221e-88 4.50932216739e-85 3.18279644848e-37 9.13536685593e-13 2.93415184252e-41 0.0 1.95221449306e-75 1.4965300891e-70 6.73976484744e-22 1.46649975781e-12 1.72926934569e-206 5.01840730945e-07 0.0 1.16042466272e-251 4.98400814831e-50 
0.405838789501 1.35864083211e-274 3.21400804291e-164 9.43020900392e-67 0.206361115559 3.11178485313e-234 5.66867132016e-228 0.0 0.234968423178 0.0 4.07137665459e-192 3.28388459026e-307 0.00350188919695 3.04323878607e-261 1.15659160626e-18 1.52689425946e-255 0.0 2.43622386596e-307 5.55528985009e-183 2.61129035438e-104 0.149329782565 0.0 0.0 0.0 0.0 1.89715007246e-276 
0.217589136519 3.74876400693e-290 6.83532364297e-156 1.21955032364e-44 6.01455203539e-07 2.56402296686e-170 5.39725926922e-123 0.0 1.46757503834e-20 0.0 6.17302355754e-116 1.51405424246e-267 1.4046368966e-55 2.10514553951e-171 0.78149285954 4.50397069493e-188 0.0 1.43869965504e-181 2.62172549689e-138 1.62983124541e-112 0.000917402485299 8.10276090091e-170 0.0 0.0 2.22174544198e-24 8.93158208965e-150 
1.30966261491e-86 1.45574461799e-11 0.00232681701467 0.336919934892 2.00080083706e-108 4.8539646612e-57 0.450922396571 6.95028227916e-32 1.23995332195e-34 2.03293105791e-313 0.0563174952906 4.48430856238e-60 1.14067663269e-71 0.114930372675 7.36035366254e-277 2.30182434793e-144 0.0 1.20013822706e-60 0.0288126331074 9.64690734461e-18 4.86588554152e-09 5.19295207116e-97 1.67422495026e-116 7.85611182071e-161 2.51102037099e-33 0.00977034556815 
3.30179146042e-71 5.30036869324e-134 5.19881716402e-241 7.31150366854e-154 9.35006775511e-43 3.34342464869e-129 2.0020860545e-80 2.85552832109e-226 0.0163405641982 0.0 1.22838466405e-220 1.6892689426e-89 2.49190146255e-52 1.09892308519e-58 0.0135456412699 3.50325881336e-152 0.0 1.16591038969e-105 1.14101860417e-103 1.5409452754e-46 0.970113794532 0.0 0.0 0.0 0.0 2.47676749155e-150 
1.91435418593e-51 4.06057851785e-169 2.25594038245e-293 2.7975989238e-139 1.16700192168e-35 1.09243396308e-72 4.49220236009e-34 6.7049602537e-125 3.24843369455e-80 0.0 9.18300172022e-22 4.26419841452e-97 2.71544869893e-166 2.57996167723e-67 1.24829336409e-13 5.35386626178e-191 0.0 4.05981103192e-99 0.978759104715 2.05629943545e-66 0.0212408952853 8.16723964864e-85 8.16338590612e-251 0.0 0.0 1.40836762098e-67 
0.0100737515229 5.59603555894e-31 0.0 1.53913650466e-124 1.73361881597e-59 1.77198675471e-44 3.1774309753e-45 0.538791533409 1.00761551998e-45 1.93896838754e-272 2.88909626076e-192 1.27803802042e-19 0.416108306624 4.37607472912e-46 1.74771450346e-232 7.18387810333e-31 0.0 4.92923081303e-19 3.35537890262e-53 3.89963918528e-64 0.0350264084436 1.9882203294e-206 5.70667738734e-279 6.11710353361e-170 3.35814283076e-203 5.10421401459e-84 
5.36713105814e-09 1.15039936424e-144 0.0 1.10552079244e-159 0.00211251671457 1.28239996821e-163 8.3027338475e-163 7.96217218438e-101 0.901216521677 0.0 5.28317561217e-234 1.35003338469e-208 1.60395212333e-68 8.50640147604e-181 2.91043252444e-07 8.95005614634e-148 0.0 1.60515368403e-141 3.18831132484e-131 3.40625144454e-113 0.0914674266735 0.0 1.77044510597e-164 0.0 0.00520323852424 3.29769438183e-93 
1.52491229233e-13 8.3580383841e-228 4.98720939927e-197 5.40608504497e-109 0.999999999999 1.65278593915e-159 2.72182482718e-142 1.44513518482e-312 1.07362376164e-22 0.0 1.46853562464e-113 7.22833766525e-110 1.45514095776e-65 1.92626176195e-174 1.0204874627e-12 6.6386217677e-212 0.0 1.09179763353e-172 2.49746702746e-130 8.70533481466e-111 9.4834689098e-38 1.42075936115e-283 0.0 0.0 5.04991458389e-100 5.21958493464e-260 
1.41181051593e-05 1.71827604694e-262 0.0 1.65362706382e-187 0.898630833067 3.59958768e-199 2.41764281285e-143 0.0 5.4072570961e-12 0.0 3.72276143002e-143 2.01170556504e-255 4.60160960585e-146 1.23140441611e-152 0.0109741911104 2.25191097135e-240 0.0 1.93756775371e-242 1.20933135297e-85 2.59263880949e-39 0.090380857712 5.76762414089e-237 0.0 0.0 0.0 6.35820268177e-151 
1.86574105874e-64 0.0151727806952 6.56883938865e-285 6.45964046377e-134 6.80502793018e-52 7.39096025723e-64 9.27429542927e-37 4.48331964063e-48 5.63346942318e-40 0.0 1.88705641025e-38 0.316310368354 0.0109665581886 1.09025475093e-12 1.84022716517e-282 1.90568270751e-68 0.0 0.513913736753 0.143636556008 6.86118135938e-22 5.33931921882e-46 2.33828819722e-317 2.77277558523e-295 1.03341748518e-134 1.08694208785e-311 4.09004479893e-109 
2.89357394578e-221 2.51950391015e-123 0.0 1.10898117924e-91 2.67093911464e-153 2.90633179515e-187 3.8132935429e-153 0.956019289955 6.58013540538e-205 0.0 0.0439807100449 5.922965453e-144 1.0875015349e-166 4.56176061414e-150 2.33908558638e-273 4.1252475082e-191 0.0 2.43975839494e-149 7.45279685295e-64 4.59249534372e-149 1.1865949851e-136 0.0 4.56011180733e-243 0.0 0.0 2.43439523589e-227 
0.032501136027 3.97041648898e-30 0.022575089069 0.209041095255 2.59743855872e-48 0.0295021535901 7.03363550588e-20 3.59948488689e-93 8.42165946848e-49 2.58790603914e-83 5.99194542867e-30 1.18850508251e-62 7.44800835772e-32 5.04154534947e-67 1.78204043586e-51 0.706380526059 1.05036142617e-152 3.13030643128e-56 5.05305027826e-41 2.09159345781e-23 5.10259554315e-140 4.30792281492e-72 5.51719751889e-74 1.0087409986e-287 2.95540044419e-289 5.91564634066e-61 
1.68753893959e-83 0.130371328965 1.62561972606e-08 0.000653331361354 1.29742489515e-58 0.29821490071 0.16113734085 7.51182965354e-37 5.98493069966e-59 7.06654483791e-23 0.234573257266 1.87962669833e-49 0.0045409220051 1.83599918184e-28 1.24624239965e-277 5.39029906161e-17 0.0 8.57720190553e-43 4.4473504369e-28 0.170508902586 1.78793307989e-33 5.41332552559e-20 1.84032506967e-36 0.0 1.27197231327e-295 5.54428604829e-51 
0.92763846956 2.08706546608e-254 2.89136850908e-225 4.36484325289e-139 0.0723615298087 8.43621914385e-181 6.41724695869e-203 1.85190497775e-251 2.04244020374e-27 0.0 4.57762312805e-138 6.29668974016e-159 3.02606224252e-45 5.69299754619e-151 6.31210792377e-10 1.0667742069e-168 0.0 4.02153646753e-68 2.40408906294e-117 8.58188208426e-94 6.00831512717e-13 0.0 1.10179570884e-310 0.0 1.57536705052e-272 1.26963581598e-139 
5.13632180574e-273 0.176591256686 5.26163176601e-74 0.0372147023798 1.42688680704e-202 0.0156922838044 0.265521158649 0.0315817411472 8.35426959963e-86 0.0485547361301 4.46388979715e-43 0.0255386154338 1.77991573953e-34 8.95145011913e-26 0.0 0.0161712456571 0.0 0.030885101475 3.52227030739e-07 1.81970761757e-16 2.00095697331e-189 0.290545969281 0.0617028371286 0.0 4.42063173408e-190 3.03252649412e-74 
0.0145489225439 5.08299154276e-165 9.76272597702e-255 3.1729432329e-150 0.985451077456 1.11991831324e-174 3.15538489467e-168 7.0434014538e-190 1.84499363114e-43 9.56869209148e-296 1.07253051623e-160 1.55864662397e-59 3.4005337836e-38 5.52050342412e-170 5.04223335167e-79 6.97074794473e-161 0.0 1.89988282306e-110 6.82958468493e-113 2.50234325669e-62 2.75599114401e-81 0.0 8.14511457662e-149 0.0 9.73471630735e-223 1.57253248741e-76 
0.0108347534005 1.68886011356e-107 4.6074099917e-267 1.36884646011e-170 2.16094593458e-07 1.31028617936e-62 6.64520172185e-42 4.80777118766e-88 0.871476081279 0.0 9.69901280566e-91 0.00185186593112 9.67435630433e-60 4.34463232833e-16 6.93139988368e-178 0.00848567743888 0.0 5.4279060031e-15 1.00410696777e-11 9.47812249315e-50 0.103690446438 0.0 0.0 0.00366095940822 0.0 6.08560930896e-142 
3.69895481805e-91 0.0134686633862 1.98092884811e-210 6.28386741687e-81 4.14429911541e-54 1.37114324392e-126 0.0120570294679 1.90528859431e-72 5.66867285572e-86 0.0 0.0140681782829 0.0173518815485 9.78043285996e-113 3.38136471986e-131 9.7692334016e-138 1.44033893883e-73 0.0 1.31634896177e-55 0.0432247598765 0.853582959461 9.97908487232e-124 4.42411430322e-169 0.0285645410898 0.0 0.0 0.0176819868873 
1.80038719768e-124 0.0768222230179 0.0 1.51802936498e-91 2.86392450967e-41 3.19429457891e-15 0.0128784812772 1.28465948868e-60 2.14882376693e-61 0.0 2.13615883879e-158 0.0916138645217 0.245250370965 0.128342885524 0.0 2.20077094429e-119 0.0 0.441281545919 4.5385118099e-39 1.48392806774e-07 6.48483886664e-47 7.05316540408e-92 0.00381048038144 2.03849770709e-300 3.40661960433e-23 1.00744512915e-65 
4.00281264743e-57 8.05643171415e-43 0.0071097427607 6.24449790706e-42 8.59955347733e-117 3.95346126991e-09 2.75503110642e-68 1.13743372248e-58 1.8698288856e-15 1.31568796647e-86 2.63296277159e-23 9.29662586976e-38 1.06869421291e-22 8.05324909893e-21 2.13178417222e-118 2.327591459e-61 0.0 9.60574330759e-47 0.992890253286 3.11891340193e-25 2.42452435329e-86 2.93470678558e-33 5.73500466917e-76 0.0 1.71180770954e-251 9.32914200008e-27 
0.355243250354 3.26212845095e-59 8.73979199219e-22 4.12511749935e-35 6.31654880996e-62 1.43695762446e-52 6.58302904847e-54 1.09310563843e-137 7.25853842429e-101 0.0251166404775 4.05934536646e-48 4.61397008887e-57 0.0229810210743 1.32584505651e-45 5.74645667859e-156 8.16771258735e-67 0.00876305756558 8.82086421951e-15 5.89483711836e-69 6.13563583141e-11 1.10724063105e-156 7.64868581102e-228 1.32458333671e-57 0.0 0.0 0.587896030467 
1.4159834396e-112 3.71855368639e-45 3.84946677961e-262 1.97481521468e-180 2.66012283277e-25 2.45929421009e-65 3.41563532184e-64 5.91934989161e-135 4.95384249503e-34 0.0 1.20252295062e-87 2.98018333232e-14 1.53410958811e-11 0.858815647353 8.07360871039e-257 1.10853397414e-23 0.0 0.141184352632 4.11317024904e-21 1.72341183905e-25 1.47993725114e-72 2.87507579225e-268 0.0 7.88697873245e-175 0.0 1.77510098943e-109 
5.89291810258e-120 6.22162991216e-210 0.956988286484 1.6416479263e-226 0.0286471586565 7.89237268663e-190 0.00929272965735 0.0 2.59709752149e-108 0.0 5.53171686132e-50 2.22111512718e-79 3.65876844474e-106 9.42223336947e-79 9.1983303185e-144 3.42539922826e-230 0.0 4.80641087364e-73 0.00507182520257 2.46644082729e-20 9.13080715731e-230 0.0 0.0 0.0 0.0 9.49073117379e-106 
4.81809177923e-57 1.27893054357e-35 4.69224701773e-203 4.43638399819e-56 6.44195739092e-17 8.10654878771e-28 4.64783792603e-18 0.0153555197003 2.16002545395e-52 6.80878927739e-141 1.69127450071e-36 0.301624968514 2.56831051272e-31 0.00801671994103 1.1113826172e-121 8.1196679478e-50 4.85239033496e-281 0.675002791845 2.87467027537e-36 4.41632330513e-31 3.92535206703e-132 2.24187581827e-147 1.92667305405e-53 0.0 0.0 6.72119794758e-64 
4.32194499207e-165 0.0623469299744 9.27587287003e-100 0.144365654467 2.65662928162e-93 0.00677085635872 2.82410420087e-28 0.102403296584 0.00229699632764 0.0176429281538 0.0325135451176 0.0584019134616 0.16971375029 0.0883020194003 5.95200883545e-320 8.03973743173e-32 1.19802078238e-304 6.48873168663e-09 0.0112362368047 0.0326316702662 1.03275596394e-65 5.4980078158e-33 0.218860445961 0.0 6.35720274152e-267 0.0525137503444 